0	1
0	2
0	3
0	4
0	7
0	9
0	10
0	11
0	13
0	14
0	15
0	18
0	19
0	21
0	22
0	24
0	25
0	27
0	28
0	30
0	31
0	33
0	37
0	39
0	40
0	41
0	43
0	44
0	45
0	46
0	47
0	49
0	50
0	51
0	55
0	58
0	59
0	60
0	61
0	62
0	63
0	64
0	65
0	66
0	67
0	68
0	69
0	71
0	72
0	73
0	74
0	75
0	76
0	77
0	79
0	80
0	83
0	84
0	85
0	86
0	87
0	89
0	90
0	92
0	93
0	95
0	96
0	97
0	98
1	0
1	2
1	3
1	4
1	7
1	9
1	10
1	11
1	13
1	14
1	15
1	18
1	19
1	21
1	22
1	24
1	25
1	27
1	28
1	29
1	30
1	31
1	33
1	37
1	40
1	41
1	43
1	44
1	45
1	46
1	47
1	48
1	49
1	50
1	51
1	54
1	55
1	58
1	59
1	60
1	61
1	62
1	63
1	64
1	65
1	66
1	67
1	68
1	69
1	70
1	71
1	73
1	74
1	75
1	76
1	77
1	79
1	80
1	81
1	83
1	84
1	85
1	86
1	87
1	88
1	89
1	90
1	91
1	92
1	93
1	95
1	96
1	97
1	98
2	0
2	1
2	3
2	4
2	5
2	7
2	8
2	9
2	10
2	14
2	15
2	17
2	18
2	19
2	24
2	25
2	29
2	33
2	39
2	40
2	43
2	45
2	46
2	49
2	55
2	58
2	59
2	60
2	61
2	64
2	65
2	66
2	67
2	68
2	69
2	73
2	74
2	76
2	77
2	79
2	80
2	81
2	83
2	85
2	86
2	87
2	89
2	90
2	95
2	96
2	97
3	0
3	1
3	2
3	5
3	7
3	8
3	9
3	10
3	11
3	13
3	14
3	15
3	18
3	19
3	21
3	22
3	24
3	25
3	27
3	28
3	29
3	30
3	33
3	37
3	39
3	40
3	41
3	43
3	44
3	45
3	46
3	47
3	48
3	49
3	50
3	51
3	54
3	55
3	58
3	59
3	60
3	61
3	62
3	63
3	66
3	67
3	68
3	69
3	70
3	72
3	73
3	74
3	75
3	76
3	77
3	79
3	80
3	83
3	84
3	85
3	86
3	87
3	89
3	90
3	91
3	92
3	95
3	96
3	97
3	98
4	0
4	1
4	2
4	5
4	7
4	8
4	9
4	10
4	14
4	15
4	17
4	18
4	19
4	21
4	25
4	28
4	29
4	33
4	37
4	39
4	40
4	41
4	43
4	45
4	46
4	47
4	49
4	51
4	54
4	58
4	60
4	61
4	62
4	64
4	65
4	66
4	67
4	68
4	69
4	73
4	74
4	76
4	77
4	79
4	81
4	83
4	84
4	85
4	86
4	87
4	89
4	90
4	93
4	95
4	96
4	97
5	2
5	3
5	4
5	7
5	8
5	9
5	10
5	14
5	15
5	17
5	18
5	21
5	24
5	28
5	29
5	37
5	39
5	40
5	41
5	43
5	45
5	46
5	49
5	51
5	54
5	55
5	58
5	59
5	60
5	61
5	62
5	63
5	64
5	65
5	66
5	67
5	68
5	69
5	72
5	73
5	74
5	77
5	79
5	80
5	83
5	84
5	85
5	86
5	87
5	89
5	90
5	93
5	95
5	96
5	97
7	0
7	1
7	2
7	3
7	4
7	5
7	8
7	9
7	10
7	14
7	15
7	17
7	18
7	19
7	21
7	24
7	25
7	28
7	29
7	33
7	37
7	41
7	43
7	45
7	46
7	47
7	51
7	54
7	55
7	59
7	60
7	61
7	62
7	63
7	64
7	66
7	67
7	68
7	69
7	72
7	74
7	76
7	77
7	79
7	80
7	81
7	83
7	84
7	85
7	86
7	87
7	89
7	90
7	93
7	95
7	96
7	97
8	2
8	3
8	4
8	5
8	7
8	9
8	10
8	14
8	15
8	17
8	18
8	21
8	24
8	25
8	28
8	29
8	33
8	37
8	39
8	40
8	41
8	43
8	45
8	46
8	49
8	51
8	54
8	55
8	58
8	60
8	61
8	62
8	63
8	64
8	65
8	66
8	67
8	68
8	69
8	72
8	73
8	74
8	76
8	77
8	79
8	80
8	81
8	83
8	84
8	85
8	86
8	87
8	89
8	90
8	93
8	95
8	96
8	97
9	0
9	1
9	2
9	3
9	4
9	5
9	7
9	8
9	11
9	13
9	14
9	15
9	17
9	18
9	19
9	21
9	24
9	25
9	28
9	29
9	30
9	31
9	37
9	39
9	40
9	41
9	43
9	46
9	48
9	49
9	50
9	51
9	54
9	55
9	58
9	59
9	60
9	61
9	62
9	63
9	64
9	65
9	66
9	67
9	69
9	70
9	71
9	72
9	73
9	75
9	76
9	77
9	79
9	80
9	81
9	83
9	84
9	85
9	86
9	87
9	88
9	89
9	90
9	91
9	93
9	95
9	96
9	97
10	0
10	1
10	2
10	3
10	4
10	5
10	7
10	8
10	14
10	15
10	17
10	18
10	21
10	24
10	25
10	28
10	29
10	33
10	37
10	39
10	40
10	43
10	45
10	46
10	47
10	51
10	54
10	55
10	58
10	60
10	61
10	62
10	63
10	64
10	65
10	66
10	67
10	69
10	72
10	73
10	74
10	76
10	77
10	79
10	80
10	81
10	83
10	85
10	86
10	87
10	89
10	90
10	93
10	95
10	96
10	97
11	0
11	1
11	3
11	9
11	13
11	14
11	19
11	21
11	22
11	27
11	28
11	30
11	31
11	33
11	44
11	46
11	48
11	49
11	50
11	59
11	61
11	66
11	69
11	70
11	71
11	72
11	75
11	83
11	85
11	86
11	87
11	88
11	91
11	92
11	95
13	0
13	1
13	3
13	9
13	11
13	14
13	19
13	21
13	22
13	24
13	27
13	30
13	31
13	33
13	40
13	44
13	46
13	48
13	49
13	50
13	59
13	61
13	66
13	67
13	69
13	70
13	72
13	75
13	83
13	85
13	86
13	87
13	88
13	91
13	92
13	95
13	98
14	0
14	1
14	2
14	3
14	4
14	5
14	7
14	8
14	9
14	10
14	11
14	13
14	15
14	17
14	18
14	19
14	21
14	24
14	25
14	27
14	28
14	29
14	30
14	31
14	33
14	37
14	39
14	40
14	41
14	43
14	44
14	45
14	46
14	47
14	48
14	49
14	50
14	51
14	54
14	55
14	58
14	59
14	61
14	62
14	63
14	65
14	66
14	67
14	68
14	69
14	70
14	71
14	72
14	74
14	75
14	76
14	77
14	79
14	80
14	81
14	83
14	84
14	85
14	86
14	87
14	88
14	89
14	90
14	92
14	93
14	95
14	96
14	97
14	98
15	0
15	1
15	2
15	3
15	4
15	5
15	7
15	8
15	9
15	10
15	14
15	17
15	18
15	19
15	21
15	24
15	25
15	28
15	29
15	37
15	39
15	40
15	41
15	45
15	46
15	47
15	49
15	51
15	54
15	55
15	58
15	59
15	60
15	61
15	62
15	63
15	64
15	65
15	66
15	67
15	68
15	69
15	72
15	73
15	74
15	76
15	77
15	80
15	81
15	83
15	84
15	85
15	86
15	87
15	89
15	90
15	93
15	96
15	97
17	2
17	4
17	5
17	7
17	8
17	9
17	10
17	14
17	15
17	18
17	19
17	21
17	24
17	27
17	28
17	29
17	33
17	37
17	39
17	40
17	41
17	43
17	45
17	46
17	47
17	49
17	51
17	54
17	55
17	58
17	61
17	63
17	64
17	66
17	68
17	69
17	72
17	73
17	74
17	76
17	77
17	79
17	80
17	81
17	83
17	85
17	86
17	87
17	89
17	90
17	93
17	95
17	96
17	97
18	0
18	1
18	2
18	3
18	4
18	5
18	7
18	8
18	9
18	10
18	14
18	15
18	17
18	19
18	24
18	25
18	28
18	29
18	33
18	37
18	39
18	40
18	41
18	45
18	46
18	47
18	49
18	51
18	54
18	55
18	58
18	59
18	60
18	61
18	62
18	64
18	65
18	66
18	67
18	68
18	69
18	72
18	73
18	74
18	76
18	79
18	80
18	81
18	83
18	84
18	85
18	86
18	87
18	90
18	93
18	95
19	0
19	1
19	2
19	3
19	4
19	7
19	9
19	11
19	13
19	14
19	15
19	17
19	18
19	21
19	22
19	24
19	25
19	27
19	28
19	29
19	30
19	31
19	33
19	37
19	39
19	40
19	41
19	43
19	44
19	45
19	46
19	47
19	48
19	49
19	50
19	51
19	54
19	55
19	58
19	59
19	60
19	61
19	62
19	63
19	64
19	65
19	66
19	67
19	68
19	69
19	71
19	73
19	74
19	75
19	76
19	79
19	80
19	81
19	83
19	85
19	86
19	87
19	88
19	89
19	90
19	91
19	92
19	93
19	95
19	96
19	97
19	98
21	0
21	1
21	3
21	4
21	5
21	7
21	8
21	9
21	10
21	11
21	13
21	14
21	15
21	17
21	19
21	22
21	24
21	25
21	28
21	29
21	31
21	37
21	39
21	40
21	41
21	43
21	44
21	45
21	46
21	47
21	49
21	50
21	54
21	55
21	58
21	59
21	60
21	61
21	62
21	63
21	64
21	65
21	66
21	67
21	68
21	69
21	70
21	71
21	72
21	74
21	75
21	76
21	77
21	79
21	80
21	81
21	83
21	84
21	85
21	86
21	87
21	88
21	89
21	90
21	91
21	92
21	93
21	95
21	96
21	97
21	98
22	0
22	1
22	3
22	11
22	13
22	19
22	21
22	24
22	25
22	27
22	30
22	31
22	40
22	44
22	46
22	48
22	49
22	50
22	59
22	66
22	67
22	70
22	71
22	72
22	75
22	83
22	85
22	87
22	88
22	91
22	92
22	95
22	98
24	0
24	1
24	2
24	3
24	5
24	7
24	8
24	9
24	10
24	13
24	14
24	15
24	17
24	18
24	19
24	21
24	22
24	25
24	27
24	28
24	29
24	30
24	31
24	33
24	37
24	39
24	40
24	41
24	43
24	44
24	45
24	46
24	49
24	54
24	55
24	58
24	59
24	60
24	61
24	62
24	63
24	64
24	66
24	67
24	68
24	69
24	70
24	71
24	72
24	73
24	74
24	75
24	76
24	77
24	80
24	81
24	83
24	84
24	85
24	86
24	88
24	89
24	90
24	91
24	95
24	96
24	97
25	0
25	1
25	2
25	3
25	4
25	7
25	8
25	9
25	10
25	14
25	15
25	18
25	19
25	21
25	22
25	24
25	27
25	28
25	29
25	31
25	33
25	37
25	39
25	40
25	41
25	43
25	44
25	45
25	46
25	47
25	48
25	49
25	51
25	54
25	55
25	59
25	60
25	61
25	62
25	63
25	64
25	66
25	67
25	68
25	69
25	70
25	71
25	73
25	74
25	75
25	77
25	79
25	80
25	81
25	83
25	84
25	85
25	86
25	87
25	88
25	89
25	90
25	91
25	92
25	93
25	95
25	96
25	97
27	0
27	1
27	3
27	11
27	13
27	14
27	17
27	19
27	22
27	24
27	25
27	28
27	30
27	31
27	33
27	40
27	44
27	48
27	49
27	59
27	61
27	66
27	69
27	70
27	72
27	75
27	83
27	85
27	86
27	87
27	91
27	95
27	98
28	0
28	1
28	3
28	4
28	5
28	7
28	8
28	9
28	10
28	11
28	14
28	15
28	17
28	18
28	19
28	21
28	24
28	25
28	27
28	29
28	30
28	31
28	33
28	37
28	39
28	40
28	43
28	44
28	45
28	46
28	47
28	48
28	49
28	50
28	51
28	54
28	55
28	59
28	60
28	61
28	62
28	63
28	64
28	65
28	66
28	67
28	68
28	69
28	71
28	72
28	74
28	75
28	76
28	77
28	79
28	80
28	81
28	83
28	84
28	85
28	86
28	87
28	88
28	90
28	92
28	93
28	96
28	97
28	98
29	1
29	2
29	3
29	4
29	5
29	7
29	8
29	9
29	10
29	14
29	15
29	17
29	18
29	19
29	21
29	24
29	25
29	28
29	33
29	37
29	39
29	40
29	41
29	46
29	47
29	51
29	54
29	58
29	59
29	61
29	62
29	63
29	64
29	65
29	66
29	67
29	69
29	72
29	73
29	74
29	77
29	79
29	81
29	83
29	84
29	85
29	86
29	87
29	89
29	90
29	93
29	95
29	97
30	0
30	1
30	3
30	9
30	11
30	13
30	14
30	19
30	22
30	24
30	27
30	28
30	31
30	40
30	44
30	46
30	48
30	49
30	50
30	59
30	61
30	66
30	67
30	69
30	70
30	71
30	72
30	75
30	86
30	87
30	88
30	91
30	92
30	95
30	98
31	0
31	1
31	9
31	11
31	13
31	14
31	19
31	21
31	22
31	24
31	25
31	27
31	28
31	30
31	44
31	46
31	48
31	49
31	50
31	59
31	61
31	66
31	67
31	69
31	71
31	75
31	83
31	85
31	86
31	87
31	88
31	91
31	92
31	95
33	0
33	1
33	2
33	3
33	4
33	7
33	8
33	10
33	11
33	13
33	14
33	17
33	18
33	19
33	24
33	25
33	27
33	28
33	29
33	39
33	40
33	41
33	43
33	45
33	46
33	47
33	48
33	49
33	50
33	51
33	54
33	55
33	59
33	60
33	61
33	62
33	63
33	64
33	66
33	67
33	68
33	69
33	70
33	71
33	72
33	73
33	74
33	75
33	77
33	79
33	80
33	81
33	83
33	84
33	85
33	86
33	87
33	88
33	89
33	90
33	91
33	92
33	93
33	95
33	97
33	98
36	73
37	0
37	1
37	3
37	4
37	5
37	7
37	8
37	9
37	10
37	14
37	15
37	17
37	18
37	19
37	21
37	24
37	25
37	28
37	29
37	39
37	40
37	41
37	43
37	46
37	51
37	54
37	58
37	59
37	60
37	61
37	62
37	64
37	65
37	67
37	68
37	69
37	72
37	73
37	74
37	76
37	77
37	79
37	80
37	84
37	85
37	86
37	87
37	89
37	90
37	93
37	95
37	96
37	97
39	0
39	2
39	3
39	4
39	5
39	8
39	9
39	10
39	14
39	15
39	17
39	18
39	19
39	21
39	24
39	25
39	28
39	29
39	33
39	37
39	40
39	43
39	45
39	46
39	47
39	49
39	51
39	54
39	55
39	58
39	59
39	61
39	62
39	63
39	64
39	65
39	66
39	67
39	68
39	69
39	72
39	73
39	74
39	76
39	79
39	80
39	81
39	83
39	84
39	85
39	87
39	89
39	90
39	93
39	95
39	96
40	0
40	1
40	2
40	3
40	4
40	5
40	8
40	9
40	10
40	13
40	14
40	15
40	17
40	18
40	19
40	21
40	22
40	24
40	25
40	27
40	28
40	29
40	30
40	33
40	37
40	39
40	41
40	43
40	44
40	45
40	47
40	49
40	50
40	51
40	54
40	55
40	58
40	59
40	60
40	61
40	62
40	63
40	64
40	65
40	66
40	67
40	68
40	69
40	70
40	71
40	72
40	73
40	74
40	75
40	76
40	77
40	79
40	80
40	81
40	83
40	84
40	85
40	86
40	87
40	88
40	89
40	90
40	91
40	92
40	93
40	95
40	96
41	0
41	1
41	3
41	4
41	5
41	7
41	8
41	9
41	14
41	15
41	17
41	18
41	19
41	21
41	24
41	25
41	29
41	33
41	37
41	40
41	43
41	45
41	46
41	47
41	49
41	51
41	54
41	55
41	58
41	59
41	60
41	61
41	62
41	63
41	64
41	65
41	66
41	67
41	68
41	69
41	72
41	73
41	74
41	77
41	81
41	83
41	84
41	85
41	86
41	87
41	89
41	90
41	93
41	95
41	96
41	97
43	0
43	1
43	2
43	3
43	4
43	5
43	7
43	8
43	9
43	10
43	14
43	17
43	19
43	21
43	24
43	25
43	28
43	33
43	37
43	39
43	40
43	41
43	45
43	46
43	49
43	54
43	55
43	58
43	59
43	60
43	61
43	62
43	63
43	64
43	65
43	66
43	67
43	69
43	72
43	73
43	74
43	76
43	77
43	79
43	81
43	83
43	84
43	85
43	86
43	87
43	89
43	90
43	96
43	97
44	0
44	1
44	3
44	11
44	13
44	14
44	19
44	21
44	22
44	24
44	25
44	27
44	28
44	30
44	31
44	40
44	48
44	49
44	50
44	59
44	66
44	67
44	69
44	70
44	71
44	72
44	85
44	86
44	87
44	88
44	91
44	92
44	95
44	98
45	0
45	1
45	2
45	3
45	4
45	5
45	7
45	8
45	10
45	14
45	15
45	17
45	18
45	19
45	21
45	24
45	25
45	28
45	33
45	39
45	40
45	41
45	43
45	46
45	47
45	49
45	51
45	54
45	55
45	58
45	59
45	60
45	61
45	62
45	63
45	64
45	65
45	66
45	67
45	68
45	69
45	72
45	73
45	74
45	76
45	77
45	79
45	80
45	81
45	83
45	84
45	85
45	87
45	89
45	93
45	95
45	97
46	0
46	1
46	2
46	3
46	4
46	5
46	7
46	8
46	9
46	10
46	11
46	13
46	14
46	15
46	17
46	18
46	19
46	21
46	22
46	24
46	25
46	28
46	29
46	30
46	31
46	33
46	37
46	39
46	41
46	43
46	45
46	48
46	49
46	50
46	51
46	54
46	55
46	59
46	60
46	61
46	62
46	63
46	64
46	65
46	66
46	67
46	68
46	69
46	70
46	72
46	73
46	74
46	75
46	77
46	79
46	80
46	81
46	83
46	84
46	85
46	86
46	87
46	88
46	89
46	90
46	91
46	92
46	93
46	95
46	96
46	97
46	98
47	0
47	1
47	3
47	4
47	7
47	10
47	14
47	15
47	17
47	18
47	19
47	21
47	25
47	28
47	29
47	33
47	39
47	40
47	41
47	45
47	49
47	55
47	58
47	60
47	62
47	64
47	65
47	66
47	67
47	72
47	74
47	77
47	79
47	80
47	81
47	84
47	85
47	86
47	87
47	90
47	95
47	96
47	97
48	1
48	3
48	9
48	11
48	13
48	14
48	19
48	22
48	25
48	27
48	28
48	30
48	31
48	33
48	44
48	46
48	49
48	50
48	66
48	67
48	70
48	71
48	72
48	75
48	85
48	86
48	87
48	88
48	91
48	92
48	95
48	98
49	0
49	1
49	2
49	3
49	4
49	5
49	8
49	9
49	11
49	13
49	14
49	15
49	17
49	18
49	19
49	21
49	22
49	24
49	25
49	27
49	28
49	30
49	31
49	33
49	39
49	40
49	41
49	43
49	44
49	45
49	46
49	47
49	48
49	51
49	54
49	55
49	58
49	59
49	60
49	61
49	62
49	64
49	65
49	66
49	67
49	68
49	70
49	71
49	72
49	73
49	76
49	79
49	80
49	83
49	84
49	85
49	86
49	87
49	88
49	89
49	90
49	92
49	93
49	95
49	96
49	98
50	0
50	1
50	3
50	9
50	11
50	13
50	14
50	19
50	21
50	22
50	28
50	30
50	31
50	33
50	40
50	44
50	46
50	48
50	61
50	66
50	69
50	70
50	71
50	75
50	83
50	85
50	86
50	87
50	88
50	92
50	95
50	98
51	0
51	1
51	3
51	4
51	5
51	7
51	8
51	9
51	10
51	14
51	15
51	17
51	18
51	19
51	25
51	28
51	29
51	33
51	37
51	39
51	40
51	41
51	45
51	46
51	49
51	54
51	55
51	59
51	61
51	62
51	63
51	64
51	65
51	66
51	67
51	68
51	69
51	72
51	74
51	76
51	79
51	81
51	83
51	84
51	85
51	86
51	87
51	90
51	93
51	95
51	96
51	97
54	1
54	3
54	4
54	5
54	7
54	8
54	9
54	10
54	14
54	15
54	17
54	18
54	19
54	21
54	24
54	25
54	28
54	29
54	33
54	37
54	39
54	40
54	41
54	43
54	45
54	46
54	49
54	51
54	55
54	58
54	59
54	60
54	61
54	64
54	65
54	66
54	67
54	69
54	72
54	73
54	74
54	76
54	77
54	79
54	80
54	81
54	83
54	84
54	85
54	86
54	87
54	90
54	93
54	95
54	96
54	97
55	0
55	1
55	2
55	3
55	5
55	7
55	8
55	9
55	10
55	14
55	15
55	17
55	18
55	19
55	21
55	24
55	25
55	28
55	33
55	39
55	40
55	41
55	43
55	45
55	46
55	47
55	49
55	51
55	54
55	59
55	60
55	61
55	62
55	63
55	64
55	65
55	66
55	67
55	68
55	69
55	72
55	73
55	74
55	76
55	77
55	79
55	80
55	81
55	84
55	86
55	87
55	89
55	90
55	93
55	95
55	96
55	97
58	0
58	1
58	2
58	3
58	4
58	5
58	8
58	9
58	10
58	14
58	15
58	17
58	18
58	19
58	21
58	24
58	29
58	37
58	39
58	40
58	41
58	43
58	45
58	47
58	49
58	54
58	59
58	60
58	61
58	63
58	66
58	67
58	69
58	72
58	74
58	76
58	77
58	79
58	80
58	81
58	83
58	84
58	85
58	86
58	87
58	90
58	93
58	95
58	96
58	97
59	0
59	1
59	2
59	3
59	5
59	7
59	9
59	11
59	13
59	14
59	15
59	18
59	19
59	21
59	22
59	24
59	25
59	27
59	28
59	29
59	30
59	31
59	33
59	37
59	39
59	40
59	41
59	43
59	44
59	45
59	46
59	49
59	51
59	54
59	55
59	58
59	60
59	61
59	62
59	63
59	64
59	66
59	67
59	68
59	69
59	70
59	71
59	72
59	73
59	74
59	77
59	79
59	80
59	83
59	84
59	85
59	86
59	87
59	88
59	89
59	90
59	91
59	92
59	93
59	95
59	96
59	97
59	98
60	0
60	1
60	2
60	3
60	4
60	5
60	7
60	8
60	9
60	10
60	15
60	18
60	19
60	21
60	24
60	25
60	28
60	33
60	37
60	40
60	41
60	43
60	45
60	46
60	47
60	49
60	54
60	55
60	58
60	59
60	61
60	63
60	65
60	66
60	67
60	68
60	69
60	72
60	73
60	74
60	77
60	79
60	80
60	83
60	84
60	85
60	87
60	89
60	90
60	93
60	95
60	97
61	0
61	1
61	2
61	3
61	4
61	5
61	7
61	8
61	9
61	10
61	11
61	13
61	14
61	15
61	17
61	18
61	19
61	21
61	24
61	25
61	27
61	28
61	29
61	30
61	31
61	33
61	37
61	39
61	40
61	41
61	43
61	45
61	46
61	49
61	50
61	51
61	54
61	55
61	58
61	59
61	60
61	62
61	63
61	65
61	66
61	67
61	68
61	69
61	70
61	71
61	72
61	73
61	74
61	75
61	76
61	77
61	79
61	80
61	81
61	83
61	84
61	85
61	86
61	87
61	88
61	89
61	90
61	91
61	92
61	96
61	98
62	0
62	1
62	3
62	4
62	5
62	7
62	8
62	9
62	10
62	14
62	15
62	18
62	19
62	21
62	24
62	25
62	28
62	29
62	33
62	37
62	39
62	40
62	41
62	43
62	45
62	46
62	47
62	49
62	51
62	55
62	59
62	61
62	63
62	64
62	65
62	66
62	67
62	68
62	69
62	72
62	73
62	74
62	76
62	77
62	79
62	80
62	81
62	83
62	84
62	85
62	87
62	89
62	90
62	93
62	95
62	97
63	0
63	1
63	3
63	5
63	7
63	8
63	9
63	10
63	14
63	15
63	17
63	19
63	21
63	24
63	25
63	28
63	29
63	33
63	39
63	40
63	41
63	43
63	45
63	46
63	51
63	55
63	58
63	59
63	60
63	61
63	62
63	64
63	66
63	67
63	68
63	69
63	72
63	73
63	74
63	76
63	77
63	79
63	80
63	81
63	83
63	84
63	85
63	86
63	87
63	89
63	90
63	95
63	97
64	0
64	1
64	2
64	4
64	5
64	7
64	8
64	9
64	10
64	15
64	17
64	18
64	19
64	21
64	24
64	25
64	28
64	29
64	33
64	37
64	39
64	40
64	41
64	43
64	45
64	46
64	47
64	49
64	51
64	54
64	55
64	59
64	62
64	63
64	65
64	66
64	67
64	68
64	72
64	73
64	74
64	76
64	77
64	79
64	81
64	83
64	84
64	85
64	86
64	87
64	90
64	93
64	95
64	96
64	97
65	0
65	1
65	2
65	4
65	5
65	8
65	9
65	10
65	14
65	15
65	18
65	19
65	21
65	28
65	29
65	37
65	39
65	40
65	41
65	43
65	45
65	46
65	47
65	49
65	51
65	54
65	55
65	60
65	61
65	62
65	64
65	66
65	67
65	68
65	69
65	72
65	73
65	74
65	76
65	77
65	80
65	83
65	84
65	85
65	87
65	89
65	90
65	95
65	96
65	97
66	0
66	1
66	2
66	3
66	4
66	5
66	7
66	8
66	9
66	10
66	11
66	13
66	14
66	15
66	17
66	18
66	19
66	21
66	22
66	24
66	25
66	27
66	28
66	29
66	30
66	31
66	33
66	39
66	40
66	41
66	43
66	44
66	45
66	46
66	47
66	48
66	49
66	50
66	51
66	54
66	55
66	58
66	59
66	60
66	61
66	62
66	63
66	64
66	65
66	67
66	68
66	69
66	70
66	71
66	72
66	73
66	74
66	75
66	76
66	77
66	79
66	80
66	81
66	83
66	84
66	86
66	87
66	90
66	91
66	92
66	93
66	95
66	96
66	97
66	98
67	0
67	1
67	2
67	3
67	4
67	5
67	7
67	8
67	9
67	10
67	13
67	14
67	15
67	18
67	19
67	21
67	22
67	24
67	25
67	28
67	29
67	30
67	31
67	33
67	37
67	39
67	40
67	41
67	43
67	44
67	45
67	46
67	47
67	48
67	49
67	51
67	54
67	55
67	58
67	59
67	60
67	61
67	62
67	63
67	64
67	65
67	66
67	68
67	69
67	70
67	71
67	72
67	73
67	75
67	76
67	77
67	79
67	80
67	81
67	83
67	84
67	85
67	86
67	87
67	88
67	90
67	91
67	92
67	95
67	96
67	98
68	0
68	1
68	2
68	3
68	4
68	5
68	7
68	8
68	14
68	15
68	17
68	18
68	19
68	21
68	24
68	25
68	28
68	33
68	37
68	39
68	40
68	41
68	45
68	46
68	49
68	51
68	55
68	59
68	60
68	61
68	62
68	63
68	64
68	65
68	66
68	67
68	69
68	72
68	73
68	74
68	76
68	77
68	80
68	81
68	83
68	85
68	86
68	87
68	89
68	90
68	93
68	95
68	96
68	97
69	0
69	1
69	2
69	3
69	4
69	5
69	7
69	8
69	9
69	10
69	11
69	13
69	14
69	15
69	17
69	18
69	19
69	21
69	24
69	25
69	27
69	28
69	29
69	30
69	31
69	33
69	37
69	39
69	40
69	41
69	43
69	44
69	45
69	46
69	50
69	51
69	54
69	55
69	58
69	59
69	60
69	61
69	62
69	63
69	65
69	66
69	67
69	68
69	70
69	71
69	72
69	73
69	74
69	75
69	76
69	77
69	79
69	80
69	81
69	83
69	85
69	86
69	87
69	88
69	89
69	91
69	92
69	93
69	95
69	96
69	97
69	98
70	1
70	3
70	9
70	11
70	13
70	14
70	21
70	22
70	24
70	25
70	27
70	30
70	33
70	40
70	44
70	46
70	48
70	49
70	50
70	59
70	61
70	66
70	67
70	69
70	71
70	85
70	86
70	87
70	88
70	91
70	92
70	95
70	98
71	0
71	1
71	9
71	11
71	14
71	19
71	21
71	22
71	24
71	25
71	28
71	30
71	31
71	33
71	40
71	44
71	48
71	49
71	50
71	59
71	61
71	66
71	67
71	69
71	70
71	72
71	75
71	85
71	87
71	88
71	91
71	92
71	95
71	98
72	0
72	3
72	5
72	7
72	8
72	9
72	10
72	11
72	13
72	14
72	15
72	17
72	18
72	21
72	22
72	24
72	27
72	28
72	29
72	30
72	33
72	37
72	39
72	40
72	41
72	43
72	44
72	45
72	46
72	47
72	48
72	49
72	51
72	54
72	55
72	58
72	59
72	60
72	61
72	62
72	63
72	64
72	65
72	66
72	67
72	68
72	69
72	71
72	73
72	74
72	75
72	76
72	77
72	79
72	80
72	81
72	83
72	84
72	85
72	86
72	87
72	88
72	90
72	91
72	92
72	93
72	95
72	96
72	97
72	98
73	0
73	1
73	2
73	3
73	4
73	5
73	8
73	9
73	10
73	15
73	17
73	18
73	19
73	24
73	25
73	29
73	33
73	36
73	37
73	39
73	40
73	41
73	43
73	45
73	46
73	49
73	54
73	55
73	59
73	60
73	61
73	62
73	63
73	64
73	65
73	66
73	67
73	68
73	69
73	72
73	74
73	77
73	79
73	81
73	83
73	84
73	85
73	86
73	87
73	89
73	90
73	95
73	96
74	0
74	1
74	2
74	3
74	4
74	5
74	7
74	8
74	10
74	14
74	15
74	17
74	18
74	19
74	21
74	24
74	25
74	28
74	29
74	33
74	37
74	39
74	40
74	41
74	43
74	45
74	46
74	47
74	51
74	54
74	55
74	58
74	59
74	60
74	61
74	62
74	63
74	64
74	65
74	66
74	68
74	69
74	72
74	73
74	76
74	77
74	79
74	80
74	81
74	83
74	84
74	85
74	86
74	87
74	90
74	93
74	95
74	96
74	97
75	0
75	1
75	3
75	9
75	11
75	13
75	14
75	19
75	21
75	22
75	24
75	25
75	27
75	28
75	30
75	31
75	33
75	40
75	46
75	48
75	50
75	61
75	66
75	67
75	69
75	71
75	72
75	83
75	85
75	86
75	87
75	88
75	91
75	92
75	95
75	98
76	0
76	1
76	2
76	3
76	4
76	7
76	8
76	9
76	10
76	14
76	15
76	17
76	18
76	19
76	21
76	24
76	28
76	37
76	39
76	40
76	43
76	45
76	49
76	51
76	54
76	55
76	58
76	61
76	62
76	63
76	64
76	65
76	66
76	67
76	68
76	69
76	72
76	74
76	77
76	80
76	81
76	83
76	84
76	85
76	86
76	87
76	95
76	96
76	97
77	0
77	1
77	2
77	3
77	4
77	5
77	7
77	8
77	9
77	10
77	14
77	15
77	17
77	21
77	24
77	25
77	28
77	29
77	33
77	37
77	40
77	41
77	43
77	45
77	46
77	47
77	54
77	55
77	58
77	59
77	60
77	61
77	62
77	63
77	64
77	65
77	66
77	67
77	68
77	69
77	72
77	73
77	74
77	76
77	79
77	80
77	81
77	84
77	85
77	86
77	87
77	89
77	90
77	93
77	95
77	96
77	97
79	0
79	1
79	2
79	3
79	4
79	5
79	7
79	8
79	9
79	10
79	14
79	17
79	18
79	19
79	21
79	25
79	28
79	29
79	33
79	37
79	39
79	40
79	43
79	45
79	46
79	47
79	49
79	51
79	54
79	55
79	58
79	59
79	60
79	61
79	62
79	63
79	64
79	66
79	67
79	69
79	72
79	73
79	74
79	77
79	80
79	81
79	84
79	85
79	86
79	87
79	89
79	90
79	93
79	95
79	96
79	97
80	0
80	1
80	2
80	3
80	5
80	7
80	8
80	9
80	10
80	14
80	15
80	17
80	18
80	19
80	21
80	24
80	25
80	28
80	33
80	37
80	39
80	40
80	45
80	46
80	47
80	49
80	54
80	55
80	58
80	59
80	60
80	61
80	62
80	63
80	65
80	66
80	67
80	68
80	69
80	72
80	74
80	76
80	77
80	79
80	81
80	84
80	86
80	89
80	90
80	93
80	94
80	95
81	1
81	2
81	4
81	7
81	8
81	9
81	10
81	14
81	15
81	17
81	18
81	19
81	21
81	24
81	25
81	28
81	29
81	33
81	39
81	40
81	41
81	43
81	45
81	46
81	47
81	51
81	54
81	55
81	58
81	61
81	62
81	63
81	64
81	66
81	67
81	68
81	69
81	72
81	73
81	74
81	76
81	77
81	79
81	80
81	84
81	85
81	86
81	87
81	90
81	93
81	95
81	96
81	97
83	0
83	1
83	2
83	3
83	4
83	5
83	7
83	8
83	9
83	10
83	11
83	13
83	14
83	15
83	17
83	18
83	19
83	21
83	22
83	24
83	25
83	27
83	28
83	29
83	31
83	33
83	39
83	40
83	41
83	43
83	45
83	46
83	49
83	50
83	51
83	54
83	58
83	59
83	60
83	61
83	62
83	63
83	64
83	65
83	66
83	67
83	68
83	69
83	72
83	73
83	74
83	75
83	76
83	84
83	85
83	86
83	87
83	88
83	89
83	90
83	91
83	93
83	97
83	98
84	0
84	1
84	3
84	4
84	5
84	7
84	8
84	9
84	14
84	15
84	18
84	21
84	24
84	25
84	28
84	29
84	33
84	37
84	39
84	40
84	41
84	43
84	45
84	46
84	47
84	49
84	51
84	54
84	55
84	58
84	59
84	60
84	61
84	62
84	63
84	64
84	65
84	66
84	67
84	72
84	73
84	74
84	76
84	77
84	79
84	80
84	81
84	83
84	85
84	86
84	89
84	90
84	93
84	95
84	96
84	97
85	0
85	1
85	2
85	3
85	4
85	5
85	7
85	8
85	9
85	10
85	11
85	13
85	14
85	15
85	17
85	18
85	19
85	21
85	22
85	24
85	25
85	27
85	28
85	29
85	31
85	33
85	37
85	39
85	40
85	41
85	43
85	44
85	45
85	46
85	47
85	48
85	49
85	50
85	51
85	54
85	58
85	59
85	60
85	61
85	62
85	63
85	64
85	65
85	67
85	68
85	69
85	70
85	71
85	72
85	73
85	74
85	75
85	76
85	77
85	79
85	81
85	83
85	84
85	86
85	87
85	88
85	89
85	91
85	92
85	93
85	95
85	96
85	97
85	98
86	0
86	1
86	2
86	3
86	4
86	5
86	7
86	8
86	9
86	10
86	11
86	13
86	14
86	15
86	17
86	18
86	19
86	21
86	24
86	25
86	27
86	28
86	29
86	30
86	31
86	33
86	37
86	40
86	41
86	43
86	44
86	46
86	47
86	48
86	49
86	50
86	51
86	54
86	55
86	58
86	59
86	61
86	63
86	64
86	66
86	67
86	68
86	69
86	70
86	72
86	73
86	74
86	75
86	76
86	77
86	79
86	80
86	81
86	83
86	84
86	85
86	88
86	89
86	90
86	91
86	92
86	93
86	95
86	96
86	97
87	0
87	1
87	2
87	3
87	4
87	5
87	7
87	8
87	9
87	10
87	11
87	13
87	14
87	15
87	17
87	18
87	19
87	21
87	22
87	25
87	27
87	28
87	29
87	30
87	31
87	33
87	37
87	39
87	40
87	41
87	43
87	44
87	45
87	46
87	47
87	48
87	49
87	50
87	51
87	54
87	55
87	58
87	59
87	60
87	61
87	62
87	63
87	64
87	65
87	66
87	67
87	68
87	69
87	70
87	71
87	72
87	73
87	74
87	75
87	76
87	77
87	79
87	81
87	83
87	85
87	88
87	89
87	90
87	91
87	92
87	93
87	95
87	96
87	98
88	1
88	9
88	11
88	13
88	14
88	19
88	21
88	22
88	24
88	25
88	28
88	30
88	31
88	33
88	40
88	44
88	46
88	48
88	49
88	50
88	59
88	61
88	67
88	69
88	70
88	71
88	72
88	75
88	83
88	85
88	86
88	87
88	91
88	92
88	95
88	98
89	0
89	1
89	2
89	3
89	4
89	5
89	7
89	8
89	9
89	10
89	14
89	15
89	17
89	19
89	21
89	24
89	25
89	29
89	33
89	37
89	39
89	40
89	41
89	43
89	45
89	46
89	49
89	55
89	59
89	60
89	61
89	62
89	63
89	65
89	68
89	69
89	73
89	77
89	79
89	80
89	83
89	84
89	85
89	86
89	87
89	90
89	93
89	95
89	96
89	97
90	0
90	1
90	2
90	3
90	4
90	5
90	7
90	8
90	9
90	10
90	14
90	15
90	17
90	18
90	19
90	21
90	24
90	25
90	28
90	29
90	33
90	37
90	39
90	40
90	41
90	43
90	46
90	47
90	49
90	51
90	54
90	55
90	58
90	59
90	60
90	61
90	62
90	63
90	64
90	65
90	66
90	67
90	68
90	72
90	73
90	74
90	77
90	79
90	80
90	81
90	83
90	84
90	86
90	87
90	89
90	93
90	95
90	96
90	97
91	1
91	3
91	9
91	11
91	13
91	19
91	21
91	22
91	24
91	25
91	27
91	30
91	31
91	33
91	40
91	44
91	46
91	48
91	59
91	61
91	66
91	67
91	69
91	70
91	71
91	72
91	75
91	83
91	85
91	86
91	87
91	88
91	92
91	95
91	98
92	0
92	1
92	3
92	11
92	13
92	14
92	19
92	21
92	22
92	25
92	28
92	30
92	31
92	33
92	40
92	44
92	46
92	48
92	49
92	50
92	59
92	61
92	66
92	67
92	69
92	70
92	71
92	72
92	75
92	85
92	86
92	87
92	88
92	91
92	95
92	98
93	0
93	1
93	4
93	5
93	7
93	8
93	9
93	10
93	14
93	15
93	17
93	18
93	19
93	21
93	25
93	28
93	29
93	33
93	37
93	39
93	40
93	41
93	45
93	46
93	49
93	51
93	54
93	55
93	58
93	59
93	60
93	62
93	64
93	66
93	68
93	69
93	72
93	74
93	77
93	79
93	80
93	81
93	83
93	84
93	85
93	86
93	87
93	89
93	90
93	95
93	96
93	97
94	80
95	0
95	1
95	2
95	3
95	4
95	5
95	7
95	8
95	9
95	10
95	11
95	13
95	14
95	17
95	18
95	19
95	21
95	22
95	24
95	25
95	27
95	29
95	30
95	31
95	33
95	37
95	39
95	40
95	41
95	44
95	45
95	46
95	47
95	48
95	49
95	50
95	51
95	54
95	55
95	58
95	59
95	60
95	62
95	63
95	64
95	65
95	66
95	67
95	68
95	69
95	70
95	71
95	72
95	73
95	74
95	75
95	76
95	77
95	79
95	80
95	81
95	84
95	85
95	86
95	87
95	88
95	89
95	90
95	91
95	92
95	93
95	96
95	97
95	98
96	0
96	1
96	2
96	3
96	4
96	5
96	7
96	8
96	9
96	10
96	14
96	15
96	17
96	19
96	21
96	24
96	25
96	28
96	37
96	39
96	40
96	41
96	43
96	46
96	47
96	49
96	51
96	54
96	55
96	58
96	59
96	61
96	64
96	65
96	66
96	67
96	68
96	69
96	72
96	73
96	74
96	76
96	77
96	79
96	81
96	84
96	85
96	86
96	87
96	89
96	90
96	93
96	95
97	0
97	1
97	2
97	3
97	4
97	5
97	7
97	8
97	9
97	10
97	14
97	15
97	17
97	19
97	21
97	24
97	25
97	28
97	29
97	33
97	37
97	41
97	43
97	45
97	46
97	47
97	51
97	54
97	55
97	58
97	59
97	60
97	62
97	63
97	64
97	65
97	66
97	68
97	69
97	72
97	74
97	76
97	77
97	79
97	81
97	83
97	84
97	85
97	86
97	89
97	90
97	93
97	95
98	0
98	1
98	3
98	13
98	14
98	19
98	21
98	22
98	27
98	28
98	30
98	33
98	44
98	46
98	48
98	49
98	50
98	59
98	61
98	66
98	67
98	69
98	70
98	71
98	72
98	75
98	83
98	85
98	87
98	88
98	91
98	92
98	95
