0	2
0	4
0	6
0	7
0	8
0	9
0	11
0	13
0	15
0	19
0	28
0	29
0	31
0	34
0	36
0	37
0	38
0	40
0	41
0	44
0	52
0	62
0	64
0	67
0	72
0	75
0	77
0	83
0	87
0	92
0	95
0	97
0	98
2	0
2	8
2	61
2	76
3	36
3	64
3	82
3	88
3	94
4	0
4	6
4	7
4	8
4	9
4	11
4	13
4	15
4	19
4	27
4	28
4	29
4	31
4	34
4	36
4	37
4	38
4	40
4	44
4	52
4	53
4	62
4	67
4	75
4	77
4	80
4	82
4	83
4	86
4	87
4	92
4	93
4	95
4	97
4	98
5	16
5	64
5	73
6	0
6	4
6	7
6	8
6	9
6	11
6	13
6	15
6	19
6	27
6	28
6	31
6	34
6	36
6	37
6	44
6	52
6	53
6	64
6	67
6	75
6	77
6	80
6	83
6	86
6	87
6	92
6	93
6	95
6	97
6	98
7	0
7	4
7	6
7	9
7	11
7	13
7	19
7	28
7	29
7	31
7	34
7	36
7	37
7	38
7	40
7	44
7	50
7	53
7	62
7	64
7	72
7	75
7	80
7	83
7	86
7	87
7	93
7	94
7	97
7	98
8	0
8	2
8	4
8	6
8	9
8	11
8	13
8	15
8	19
8	27
8	28
8	29
8	34
8	36
8	37
8	38
8	40
8	44
8	52
8	53
8	60
8	62
8	67
8	72
8	77
8	80
8	83
8	86
8	87
8	92
8	93
8	95
8	97
8	98
9	0
9	4
9	6
9	7
9	8
9	11
9	13
9	15
9	19
9	27
9	28
9	29
9	31
9	34
9	36
9	37
9	38
9	40
9	42
9	44
9	52
9	53
9	62
9	64
9	67
9	69
9	72
9	75
9	77
9	87
9	92
9	93
9	95
9	97
9	98
10	11
11	0
11	4
11	6
11	7
11	8
11	9
11	10
11	15
11	19
11	27
11	28
11	29
11	34
11	37
11	38
11	40
11	44
11	49
11	52
11	53
11	62
11	64
11	67
11	68
11	72
11	75
11	77
11	80
11	83
11	86
11	87
11	92
11	93
11	95
11	97
11	98
12	45
12	60
12	78
12	85
13	0
13	4
13	6
13	7
13	8
13	9
13	15
13	19
13	28
13	29
13	31
13	34
13	36
13	38
13	40
13	53
13	62
13	64
13	67
13	72
13	75
13	77
13	80
13	83
13	86
13	87
13	93
13	95
13	97
13	98
15	0
15	4
15	6
15	8
15	9
15	11
15	13
15	19
15	27
15	28
15	29
15	34
15	37
15	38
15	40
15	44
15	52
15	62
15	64
15	67
15	72
15	75
15	77
15	80
15	83
15	87
15	92
15	93
15	94
15	95
15	97
15	98
16	5
16	29
16	76
16	97
17	45
17	95
18	57
18	67
19	0
19	4
19	6
19	7
19	8
19	9
19	11
19	13
19	15
19	28
19	31
19	34
19	36
19	37
19	38
19	40
19	44
19	52
19	62
19	64
19	72
19	75
19	77
19	80
19	83
19	87
19	92
19	93
19	95
19	97
19	98
20	29
20	53
20	66
20	68
20	90
23	84
24	51
25	94
26	62
26	86
27	4
27	6
27	8
27	9
27	11
27	15
27	28
27	29
27	31
27	34
27	37
27	38
27	40
27	44
27	52
27	53
27	62
27	64
27	72
27	77
27	83
27	86
27	87
27	92
27	93
27	95
27	97
27	98
28	0
28	4
28	6
28	7
28	8
28	9
28	11
28	13
28	15
28	19
28	27
28	29
28	31
28	34
28	36
28	38
28	40
28	44
28	52
28	53
28	62
28	64
28	67
28	71
28	72
28	75
28	77
28	80
28	83
28	86
28	87
28	92
28	93
28	95
28	97
28	98
29	0
29	4
29	7
29	8
29	9
29	11
29	13
29	15
29	16
29	20
29	27
29	28
29	31
29	36
29	37
29	38
29	40
29	44
29	52
29	53
29	62
29	64
29	67
29	72
29	75
29	77
29	80
29	83
29	86
29	87
29	92
29	93
29	95
29	97
29	98
30	37
30	56
30	60
30	72
31	0
31	4
31	6
31	7
31	9
31	13
31	19
31	27
31	28
31	29
31	34
31	37
31	38
31	40
31	44
31	52
31	53
31	62
31	67
31	72
31	75
31	77
31	80
31	83
31	86
31	87
31	92
31	93
31	95
31	97
31	98
32	34
32	47
32	92
33	75
34	0
34	4
34	6
34	7
34	8
34	9
34	11
34	13
34	15
34	19
34	27
34	28
34	31
34	32
34	36
34	37
34	38
34	44
34	52
34	62
34	64
34	67
34	72
34	75
34	77
34	80
34	83
34	86
34	87
34	92
34	93
34	97
34	98
35	95
35	96
36	0
36	3
36	4
36	6
36	7
36	8
36	9
36	13
36	19
36	28
36	29
36	34
36	37
36	40
36	44
36	52
36	62
36	64
36	72
36	77
36	80
36	83
36	86
36	87
36	92
36	93
36	95
36	97
36	98
37	0
37	4
37	6
37	7
37	8
37	9
37	11
37	15
37	19
37	27
37	29
37	30
37	31
37	34
37	36
37	38
37	40
37	44
37	62
37	64
37	67
37	72
37	75
37	77
37	80
37	83
37	87
37	92
37	93
37	95
37	97
37	98
38	0
38	4
38	7
38	8
38	9
38	11
38	13
38	15
38	19
38	27
38	28
38	29
38	31
38	34
38	37
38	40
38	44
38	45
38	52
38	53
38	54
38	60
38	62
38	64
38	67
38	75
38	77
38	80
38	83
38	86
38	92
38	93
38	95
38	97
39	58
40	0
40	4
40	7
40	8
40	9
40	11
40	13
40	15
40	19
40	27
40	28
40	29
40	31
40	36
40	37
40	38
40	44
40	52
40	53
40	62
40	64
40	67
40	72
40	75
40	77
40	83
40	86
40	87
40	92
40	93
40	95
40	97
41	0
41	67
41	82
42	9
43	44
43	54
43	69
43	83
44	0
44	4
44	6
44	7
44	8
44	9
44	11
44	15
44	19
44	27
44	28
44	29
44	31
44	34
44	36
44	37
44	38
44	40
44	43
44	52
44	53
44	62
44	64
44	72
44	75
44	77
44	83
44	86
44	92
44	93
44	95
44	97
44	98
45	12
45	17
45	38
45	60
45	81
47	32
47	65
47	71
47	95
47	98
49	11
49	55
50	7
51	24
52	0
52	4
52	6
52	8
52	9
52	11
52	15
52	19
52	27
52	28
52	29
52	31
52	34
52	36
52	38
52	40
52	44
52	53
52	62
52	64
52	72
52	75
52	77
52	86
52	92
52	93
52	97
52	98
53	4
53	6
53	7
53	8
53	9
53	11
53	13
53	20
53	27
53	28
53	29
53	31
53	38
53	40
53	44
53	52
53	59
53	62
53	64
53	67
53	72
53	75
53	77
53	80
53	83
53	84
53	86
53	87
53	92
53	93
53	95
53	97
53	98
54	38
54	43
54	95
55	49
55	62
56	30
57	18
57	73
58	39
58	80
59	53
59	61
59	83
60	8
60	12
60	30
60	38
60	45
61	2
61	59
61	70
62	0
62	4
62	7
62	8
62	9
62	11
62	13
62	15
62	19
62	26
62	27
62	28
62	29
62	31
62	34
62	36
62	37
62	38
62	40
62	44
62	52
62	53
62	55
62	67
62	71
62	72
62	75
62	77
62	80
62	83
62	86
62	87
62	95
62	97
62	98
64	0
64	3
64	5
64	6
64	7
64	9
64	11
64	13
64	15
64	19
64	27
64	28
64	29
64	34
64	36
64	37
64	38
64	40
64	44
64	52
64	53
64	66
64	67
64	72
64	75
64	80
64	86
64	92
64	95
64	97
64	98
65	47
66	20
66	64
67	0
67	4
67	6
67	8
67	9
67	11
67	13
67	15
67	18
67	28
67	29
67	31
67	34
67	37
67	38
67	40
67	41
67	53
67	62
67	64
67	72
67	74
67	75
67	77
67	80
67	83
67	86
67	87
67	92
67	93
67	95
67	97
67	98
68	11
68	20
69	9
69	43
69	75
70	61
71	28
71	47
71	62
71	98
72	0
72	7
72	8
72	9
72	11
72	13
72	15
72	19
72	27
72	28
72	29
72	30
72	31
72	34
72	36
72	37
72	40
72	44
72	52
72	53
72	62
72	64
72	67
72	75
72	77
72	80
72	81
72	83
72	86
72	87
72	92
72	93
72	95
72	97
72	98
73	5
73	57
73	94
73	95
74	67
74	84
75	0
75	4
75	6
75	7
75	9
75	11
75	13
75	15
75	19
75	28
75	29
75	31
75	33
75	34
75	37
75	38
75	40
75	44
75	52
75	53
75	62
75	64
75	67
75	69
75	72
75	80
75	86
75	89
75	92
75	93
75	95
75	97
75	98
76	2
76	16
76	77
76	90
77	0
77	4
77	6
77	8
77	9
77	11
77	13
77	15
77	19
77	27
77	28
77	29
77	31
77	34
77	36
77	37
77	38
77	40
77	44
77	52
77	53
77	62
77	67
77	72
77	76
77	80
77	83
77	86
77	87
77	92
77	93
77	95
77	97
77	98
78	12
80	4
80	6
80	7
80	8
80	11
80	13
80	15
80	19
80	28
80	29
80	31
80	34
80	36
80	37
80	38
80	53
80	58
80	62
80	64
80	67
80	72
80	75
80	77
80	83
80	87
80	91
80	93
80	95
80	97
81	45
81	72
81	90
82	3
82	4
82	41
83	0
83	4
83	6
83	7
83	8
83	11
83	13
83	15
83	19
83	27
83	28
83	29
83	31
83	34
83	36
83	37
83	38
83	40
83	43
83	44
83	53
83	59
83	62
83	67
83	72
83	77
83	80
83	86
83	92
83	93
83	95
83	97
83	98
84	23
84	53
84	74
85	12
86	4
86	6
86	7
86	8
86	11
86	13
86	26
86	27
86	28
86	29
86	31
86	34
86	36
86	38
86	40
86	44
86	52
86	53
86	62
86	64
86	67
86	72
86	75
86	77
86	83
86	87
86	92
86	93
86	95
86	97
86	98
87	0
87	4
87	6
87	7
87	8
87	9
87	11
87	13
87	15
87	19
87	27
87	28
87	29
87	31
87	34
87	36
87	37
87	40
87	53
87	62
87	67
87	72
87	77
87	80
87	86
87	92
87	93
87	95
87	98
88	3
89	75
90	20
90	76
90	81
90	96
91	80
91	99
92	0
92	4
92	6
92	8
92	9
92	11
92	15
92	19
92	27
92	28
92	29
92	31
92	32
92	34
92	36
92	37
92	38
92	40
92	44
92	52
92	53
92	64
92	67
92	72
92	75
92	77
92	83
92	86
92	87
92	93
92	95
92	98
93	4
93	6
93	7
93	8
93	9
93	11
93	13
93	15
93	19
93	27
93	28
93	29
93	31
93	34
93	36
93	37
93	38
93	40
93	44
93	52
93	53
93	67
93	72
93	75
93	77
93	80
93	83
93	86
93	87
93	92
93	95
93	97
93	98
94	3
94	7
94	15
94	25
94	73
94	95
95	0
95	4
95	6
95	8
95	9
95	11
95	13
95	15
95	17
95	19
95	27
95	28
95	29
95	31
95	35
95	36
95	37
95	38
95	40
95	44
95	47
95	53
95	54
95	62
95	64
95	67
95	72
95	73
95	75
95	77
95	80
95	83
95	86
95	87
95	92
95	93
95	94
95	97
95	98
96	35
96	90
97	0
97	4
97	6
97	7
97	8
97	9
97	11
97	13
97	15
97	16
97	19
97	27
97	28
97	29
97	31
97	34
97	36
97	37
97	38
97	40
97	44
97	52
97	53
97	62
97	64
97	67
97	72
97	75
97	77
97	80
97	83
97	86
97	93
97	95
97	98
98	0
98	4
98	6
98	7
98	8
98	9
98	11
98	13
98	15
98	19
98	27
98	28
98	29
98	31
98	34
98	36
98	37
98	44
98	47
98	52
98	53
98	62
98	64
98	67
98	71
98	72
98	75
98	77
98	83
98	86
98	87
98	92
98	93
98	95
98	97
99	91
