1	2
1	8
1	9
1	10
1	15
1	25
1	26
1	27
1	34
1	37
1	40
1	42
1	45
1	50
1	54
1	58
1	62
1	63
1	65
1	70
1	73
1	77
2	1
2	8
2	9
2	10
2	15
2	23
2	25
2	27
2	37
2	40
2	41
2	42
2	45
2	50
2	54
2	58
2	62
2	63
2	64
2	65
2	69
2	70
2	77
3	6
3	8
3	14
3	17
3	18
3	21
3	22
3	26
3	27
3	33
3	35
3	36
3	39
3	43
3	44
3	45
3	47
3	49
3	51
3	52
3	60
3	64
3	65
3	68
3	69
3	70
3	72
3	73
3	80
3	83
3	84
3	85
3	93
3	95
3	96
6	3
6	8
6	14
6	18
6	21
6	22
6	26
6	27
6	29
6	33
6	35
6	36
6	39
6	43
6	44
6	45
6	47
6	49
6	51
6	52
6	65
6	68
6	69
6	72
6	73
6	80
6	81
6	83
6	84
6	85
6	93
6	95
6	96
8	1
8	2
8	3
8	6
8	9
8	10
8	14
8	15
8	18
8	21
8	22
8	23
8	25
8	26
8	27
8	29
8	33
8	34
8	35
8	36
8	39
8	40
8	41
8	43
8	44
8	45
8	47
8	49
8	51
8	54
8	58
8	60
8	62
8	63
8	64
8	65
8	68
8	69
8	70
8	72
8	73
8	80
8	83
8	84
8	85
8	93
8	95
8	96
9	1
9	2
9	8
9	10
9	15
9	23
9	26
9	34
9	37
9	40
9	41
9	42
9	45
9	50
9	58
9	62
9	63
9	64
9	65
9	69
9	70
9	73
9	77
10	1
10	2
10	8
10	9
10	23
10	26
10	34
10	37
10	40
10	41
10	42
10	45
10	50
10	58
10	62
10	64
10	69
10	70
10	73
10	77
14	3
14	6
14	8
14	17
14	18
14	21
14	22
14	26
14	27
14	29
14	33
14	35
14	36
14	39
14	40
14	43
14	44
14	45
14	47
14	49
14	51
14	52
14	60
14	64
14	68
14	69
14	73
14	80
14	81
14	83
14	84
14	85
14	93
14	96
15	1
15	2
15	8
15	9
15	25
15	26
15	27
15	34
15	37
15	40
15	41
15	45
15	50
15	54
15	58
15	62
15	64
15	65
15	69
15	73
15	77
17	3
17	14
17	18
17	21
17	26
17	33
17	35
17	36
17	39
17	40
17	43
17	44
17	45
17	47
17	49
17	51
17	52
17	60
17	64
17	65
17	68
17	70
17	72
17	73
17	80
17	81
17	83
17	84
17	85
17	93
17	95
17	96
18	3
18	6
18	8
18	14
18	17
18	21
18	22
18	26
18	27
18	29
18	33
18	35
18	36
18	39
18	40
18	43
18	44
18	45
18	47
18	49
18	52
18	60
18	64
18	65
18	68
18	69
18	70
18	72
18	73
18	80
18	81
18	83
18	84
18	93
18	95
18	96
21	3
21	6
21	8
21	14
21	17
21	18
21	26
21	27
21	29
21	35
21	36
21	40
21	43
21	44
21	45
21	47
21	51
21	60
21	64
21	68
21	69
21	70
21	72
21	73
21	81
21	83
21	84
21	85
21	93
21	95
21	96
22	3
22	6
22	8
22	14
22	18
22	26
22	27
22	29
22	35
22	36
22	39
22	40
22	43
22	44
22	47
22	49
22	52
22	60
22	64
22	65
22	68
22	69
22	72
22	73
22	80
22	81
22	83
22	84
22	93
22	95
22	96
23	2
23	8
23	9
23	10
23	26
23	27
23	37
23	40
23	41
23	42
23	45
23	50
23	58
23	62
23	63
23	64
23	65
23	69
23	70
23	73
23	77
25	1
25	2
25	8
25	15
25	26
25	27
25	34
25	37
25	40
25	41
25	42
25	45
25	50
25	54
25	58
25	62
25	63
25	65
25	69
25	70
25	73
25	77
26	1
26	3
26	6
26	8
26	9
26	10
26	14
26	15
26	17
26	18
26	21
26	22
26	23
26	25
26	27
26	29
26	33
26	34
26	35
26	36
26	37
26	39
26	40
26	41
26	42
26	43
26	44
26	45
26	47
26	49
26	50
26	51
26	52
26	54
26	58
26	60
26	62
26	63
26	64
26	65
26	68
26	69
26	70
26	72
26	73
26	77
26	80
26	81
26	84
26	85
26	93
26	95
26	96
27	1
27	2
27	3
27	6
27	8
27	14
27	15
27	18
27	21
27	22
27	23
27	25
27	26
27	33
27	34
27	35
27	37
27	40
27	41
27	42
27	43
27	44
27	45
27	47
27	49
27	50
27	51
27	52
27	54
27	58
27	60
27	62
27	63
27	64
27	65
27	68
27	69
27	70
27	73
27	80
27	81
27	83
27	84
27	85
27	93
27	95
27	96
29	6
29	8
29	14
29	18
29	21
29	22
29	26
29	36
29	39
29	40
29	43
29	44
29	45
29	47
29	49
29	51
29	52
29	60
29	64
29	65
29	68
29	69
29	70
29	72
29	73
29	80
29	81
29	83
29	84
29	85
29	93
29	95
29	96
33	3
33	6
33	8
33	14
33	17
33	18
33	26
33	27
33	35
33	36
33	39
33	40
33	43
33	44
33	45
33	47
33	49
33	51
33	52
33	60
33	64
33	65
33	68
33	69
33	70
33	72
33	73
33	80
33	81
33	83
33	84
33	85
33	93
33	95
33	96
34	1
34	8
34	9
34	10
34	15
34	25
34	26
34	27
34	37
34	40
34	41
34	45
34	50
34	54
34	58
34	62
34	63
34	64
34	65
34	69
34	73
34	77
35	3
35	6
35	8
35	14
35	17
35	18
35	21
35	22
35	26
35	27
35	33
35	39
35	40
35	43
35	44
35	45
35	47
35	51
35	52
35	60
35	64
35	65
35	69
35	72
35	73
35	80
35	81
35	83
35	84
35	85
35	93
35	96
36	3
36	6
36	8
36	14
36	17
36	18
36	21
36	22
36	26
36	29
36	33
36	39
36	40
36	43
36	47
36	49
36	51
36	52
36	60
36	64
36	65
36	68
36	69
36	70
36	72
36	80
36	81
36	85
36	93
36	96
37	1
37	2
37	9
37	10
37	15
37	23
37	25
37	26
37	27
37	34
37	40
37	41
37	42
37	45
37	50
37	54
37	58
37	62
37	63
37	64
37	65
37	73
39	3
39	6
39	8
39	14
39	17
39	18
39	22
39	26
39	29
39	33
39	35
39	36
39	40
39	43
39	44
39	45
39	47
39	51
39	52
39	60
39	64
39	65
39	68
39	69
39	70
39	72
39	73
39	80
39	81
39	83
39	84
39	85
39	93
39	95
39	96
40	1
40	2
40	8
40	9
40	10
40	14
40	15
40	17
40	18
40	21
40	22
40	23
40	25
40	26
40	27
40	29
40	33
40	34
40	35
40	36
40	37
40	39
40	41
40	42
40	43
40	44
40	45
40	47
40	49
40	51
40	52
40	54
40	58
40	60
40	62
40	63
40	64
40	65
40	69
40	70
40	72
40	73
40	77
40	80
40	84
40	85
40	93
40	95
40	96
41	2
41	8
41	9
41	10
41	15
41	23
41	25
41	26
41	27
41	34
41	37
41	40
41	42
41	45
41	50
41	58
41	62
41	63
41	64
41	65
41	69
41	70
41	73
41	77
42	1
42	2
42	9
42	10
42	23
42	25
42	26
42	27
42	37
42	40
42	41
42	45
42	54
42	58
42	62
42	63
42	65
42	70
42	73
42	77
43	3
43	6
43	8
43	14
43	17
43	18
43	21
43	22
43	26
43	27
43	29
43	33
43	35
43	36
43	39
43	40
43	44
43	47
43	51
43	52
43	60
43	64
43	65
43	69
43	70
43	72
43	73
43	80
43	81
43	83
43	84
43	85
43	93
43	95
43	96
44	3
44	6
44	8
44	14
44	17
44	18
44	21
44	22
44	26
44	27
44	29
44	33
44	35
44	39
44	40
44	43
44	45
44	47
44	49
44	51
44	52
44	60
44	64
44	65
44	68
44	69
44	70
44	72
44	73
44	80
44	83
44	84
44	85
44	93
44	95
44	96
45	1
45	2
45	3
45	6
45	8
45	9
45	10
45	14
45	15
45	17
45	18
45	21
45	23
45	25
45	26
45	27
45	29
45	33
45	34
45	35
45	37
45	39
45	40
45	41
45	42
45	44
45	47
45	49
45	50
45	51
45	52
45	54
45	58
45	60
45	62
45	63
45	64
45	65
45	68
45	69
45	70
45	72
45	73
45	80
45	81
45	83
45	84
45	93
45	95
47	3
47	6
47	8
47	14
47	17
47	18
47	21
47	22
47	26
47	27
47	29
47	33
47	35
47	36
47	39
47	40
47	43
47	44
47	45
47	49
47	51
47	60
47	64
47	65
47	68
47	70
47	72
47	73
47	80
47	81
47	83
47	84
47	85
47	93
47	95
47	96
49	3
49	6
49	8
49	14
49	17
49	18
49	22
49	26
49	27
49	29
49	33
49	36
49	40
49	44
49	45
49	47
49	51
49	60
49	64
49	65
49	69
49	72
49	73
49	80
49	81
49	83
49	84
49	85
49	93
49	95
49	96
50	1
50	2
50	9
50	10
50	15
50	23
50	25
50	26
50	27
50	34
50	37
50	41
50	45
50	54
50	58
50	62
50	64
50	65
50	69
50	70
50	77
51	3
51	6
51	8
51	14
51	17
51	21
51	26
51	27
51	29
51	33
51	35
51	36
51	39
51	40
51	43
51	44
51	45
51	47
51	49
51	52
51	60
51	64
51	68
51	69
51	70
51	72
51	73
51	80
51	83
51	84
51	85
51	95
51	96
52	3
52	6
52	14
52	17
52	18
52	22
52	26
52	27
52	29
52	33
52	35
52	36
52	39
52	40
52	43
52	44
52	45
52	51
52	64
52	65
52	68
52	69
52	72
52	73
52	80
52	81
52	83
52	84
52	85
52	93
52	95
54	1
54	2
54	8
54	15
54	25
54	26
54	27
54	34
54	37
54	40
54	42
54	45
54	50
54	58
54	62
54	63
54	64
54	65
54	69
54	70
54	73
54	77
58	1
58	2
58	8
58	9
58	10
58	15
58	23
58	25
58	26
58	27
58	34
58	37
58	40
58	41
58	42
58	45
58	50
58	54
58	62
58	63
58	64
58	69
58	70
58	73
58	77
60	3
60	8
60	14
60	17
60	18
60	21
60	22
60	26
60	27
60	29
60	33
60	35
60	36
60	39
60	40
60	43
60	44
60	45
60	47
60	49
60	51
60	64
60	65
60	69
60	70
60	72
60	81
60	83
60	84
60	85
60	93
60	95
60	96
62	1
62	2
62	8
62	9
62	10
62	15
62	23
62	25
62	26
62	27
62	34
62	37
62	40
62	41
62	42
62	45
62	50
62	54
62	58
62	63
62	64
62	65
62	69
62	70
62	73
62	77
63	1
63	2
63	8
63	9
63	23
63	25
63	26
63	27
63	34
63	37
63	40
63	41
63	42
63	45
63	54
63	58
63	62
63	64
63	65
63	69
63	70
63	73
63	77
64	2
64	3
64	8
64	9
64	10
64	14
64	15
64	17
64	18
64	21
64	22
64	23
64	26
64	27
64	29
64	33
64	34
64	35
64	36
64	37
64	39
64	40
64	41
64	43
64	44
64	45
64	47
64	49
64	50
64	51
64	52
64	54
64	58
64	60
64	62
64	63
64	65
64	68
64	69
64	70
64	72
64	73
64	77
64	80
64	81
64	83
64	84
64	85
64	95
64	96
65	1
65	2
65	3
65	6
65	8
65	9
65	15
65	17
65	18
65	22
65	23
65	25
65	26
65	27
65	29
65	33
65	34
65	35
65	36
65	37
65	39
65	40
65	41
65	42
65	43
65	44
65	45
65	47
65	49
65	50
65	52
65	54
65	60
65	62
65	63
65	64
65	69
65	70
65	72
65	73
65	77
65	80
65	81
65	83
65	85
65	90
65	93
65	96
68	3
68	6
68	8
68	14
68	17
68	18
68	21
68	22
68	26
68	27
68	29
68	33
68	36
68	39
68	44
68	45
68	47
68	51
68	52
68	64
68	69
68	70
68	72
68	73
68	81
68	84
68	85
68	93
68	96
69	2
69	3
69	6
69	8
69	9
69	10
69	14
69	15
69	18
69	21
69	22
69	23
69	25
69	26
69	27
69	29
69	33
69	34
69	35
69	36
69	39
69	40
69	41
69	43
69	44
69	45
69	49
69	50
69	51
69	52
69	54
69	58
69	60
69	62
69	63
69	64
69	65
69	68
69	70
69	72
69	73
69	77
69	80
69	81
69	83
69	84
69	85
69	93
69	95
69	96
70	1
70	2
70	3
70	8
70	9
70	10
70	17
70	18
70	21
70	23
70	25
70	26
70	27
70	29
70	33
70	36
70	39
70	40
70	41
70	42
70	43
70	44
70	45
70	47
70	50
70	51
70	54
70	58
70	60
70	62
70	63
70	64
70	65
70	68
70	69
70	72
70	73
70	77
70	80
70	81
70	83
70	84
70	85
70	93
70	95
70	96
72	3
72	6
72	8
72	17
72	18
72	21
72	22
72	26
72	29
72	33
72	35
72	36
72	39
72	40
72	43
72	44
72	45
72	47
72	49
72	51
72	52
72	60
72	64
72	65
72	68
72	69
72	70
72	73
72	83
72	85
72	93
72	95
72	96
73	1
73	3
73	6
73	8
73	9
73	10
73	14
73	15
73	17
73	18
73	21
73	22
73	23
73	25
73	26
73	27
73	29
73	33
73	34
73	35
73	37
73	39
73	40
73	41
73	42
73	43
73	44
73	45
73	47
73	49
73	51
73	52
73	54
73	58
73	62
73	63
73	64
73	65
73	68
73	69
73	70
73	72
73	77
73	80
73	81
73	83
73	85
73	93
73	95
73	96
77	1
77	2
77	9
77	10
77	15
77	23
77	25
77	26
77	34
77	40
77	41
77	42
77	50
77	54
77	58
77	62
77	63
77	64
77	65
77	69
77	70
77	73
80	3
80	6
80	8
80	14
80	17
80	18
80	22
80	26
80	27
80	29
80	33
80	35
80	36
80	39
80	40
80	43
80	44
80	45
80	47
80	49
80	51
80	52
80	64
80	65
80	69
80	70
80	73
80	81
80	84
80	85
80	93
80	95
80	96
81	6
81	14
81	17
81	18
81	21
81	22
81	26
81	27
81	29
81	33
81	35
81	36
81	39
81	43
81	45
81	47
81	49
81	52
81	60
81	64
81	65
81	68
81	69
81	70
81	73
81	80
81	83
81	84
81	85
81	93
81	95
81	96
83	3
83	6
83	8
83	14
83	17
83	18
83	21
83	22
83	27
83	29
83	33
83	35
83	39
83	43
83	44
83	45
83	47
83	49
83	51
83	52
83	60
83	64
83	65
83	69
83	70
83	72
83	73
83	81
83	84
83	93
83	95
83	96
84	3
84	6
84	8
84	14
84	17
84	18
84	21
84	22
84	26
84	27
84	29
84	33
84	35
84	39
84	40
84	43
84	44
84	45
84	47
84	49
84	51
84	52
84	60
84	64
84	68
84	69
84	70
84	80
84	81
84	83
84	85
84	96
85	3
85	6
85	8
85	14
85	17
85	21
85	26
85	27
85	29
85	33
85	35
85	36
85	39
85	40
85	43
85	44
85	47
85	49
85	51
85	52
85	60
85	64
85	65
85	68
85	69
85	70
85	72
85	73
85	80
85	81
85	84
85	93
85	95
85	96
90	65
93	3
93	6
93	8
93	14
93	17
93	18
93	21
93	22
93	26
93	27
93	29
93	33
93	35
93	36
93	39
93	40
93	43
93	44
93	45
93	47
93	49
93	52
93	60
93	65
93	68
93	69
93	70
93	72
93	73
93	80
93	81
93	83
93	85
93	95
93	96
95	3
95	6
95	8
95	17
95	18
95	21
95	22
95	26
95	27
95	29
95	33
95	39
95	40
95	43
95	44
95	45
95	47
95	49
95	51
95	52
95	60
95	64
95	69
95	70
95	72
95	73
95	80
95	81
95	83
95	85
95	93
95	96
96	3
96	6
96	8
96	14
96	17
96	18
96	21
96	22
96	26
96	27
96	29
96	33
96	35
96	36
96	39
96	40
96	43
96	44
96	47
96	49
96	51
96	60
96	64
96	65
96	68
96	69
96	70
96	72
96	73
96	80
96	81
96	83
96	84
96	85
96	93
96	95
