0	1
0	3
0	6
0	7
0	8
0	15
0	17
0	18
0	19
0	20
0	21
0	23
0	24
0	25
0	26
0	28
0	30
0	32
0	33
0	34
0	39
0	40
0	42
0	44
0	48
0	50
0	51
0	52
0	53
0	54
0	55
0	57
0	61
0	64
0	65
0	66
0	68
0	71
0	75
0	77
0	78
0	82
0	83
0	84
0	87
0	88
0	91
0	94
0	95
0	96
0	98
1	0
1	3
1	4
1	7
1	15
1	17
1	18
1	19
1	21
1	23
1	28
1	30
1	32
1	33
1	34
1	39
1	48
1	50
1	51
1	53
1	54
1	61
1	64
1	65
1	68
1	75
1	76
1	77
1	82
1	83
1	84
1	87
1	88
1	94
1	95
1	98
3	0
3	1
3	7
3	15
3	17
3	18
3	19
3	20
3	21
3	23
3	25
3	26
3	30
3	32
3	34
3	40
3	48
3	50
3	53
3	54
3	57
3	61
3	64
3	65
3	75
3	78
3	83
3	84
3	87
3	88
3	94
3	95
3	98
4	1
4	7
4	15
4	17
4	18
4	19
4	21
4	23
4	24
4	25
4	26
4	28
4	30
4	32
4	33
4	39
4	40
4	48
4	50
4	51
4	53
4	54
4	57
4	61
4	64
4	65
4	68
4	75
4	76
4	77
4	78
4	82
4	84
4	87
4	88
4	95
6	0
6	7
6	24
6	33
6	37
6	40
6	44
6	52
6	55
6	65
6	68
6	71
6	91
6	96
7	0
7	1
7	3
7	4
7	6
7	10
7	15
7	17
7	18
7	19
7	20
7	21
7	23
7	24
7	25
7	26
7	30
7	32
7	33
7	34
7	35
7	37
7	39
7	40
7	42
7	44
7	48
7	50
7	51
7	52
7	53
7	55
7	57
7	61
7	63
7	65
7	68
7	69
7	71
7	75
7	76
7	77
7	81
7	82
7	83
7	84
7	87
7	88
7	91
7	96
7	98
8	0
8	23
8	30
8	42
8	57
8	75
8	94
8	98
10	7
10	19
10	21
10	25
10	32
10	35
10	42
10	50
10	51
10	63
10	69
15	0
15	1
15	3
15	4
15	7
15	17
15	18
15	19
15	20
15	21
15	23
15	26
15	28
15	30
15	32
15	33
15	34
15	39
15	48
15	50
15	51
15	53
15	54
15	57
15	61
15	64
15	65
15	68
15	75
15	76
15	77
15	78
15	82
15	83
15	87
15	88
15	94
15	95
17	0
17	1
17	3
17	4
17	7
17	15
17	18
17	19
17	20
17	21
17	23
17	25
17	26
17	28
17	30
17	32
17	33
17	34
17	40
17	48
17	50
17	53
17	54
17	57
17	61
17	64
17	65
17	68
17	76
17	78
17	83
17	84
17	87
17	88
17	94
17	95
18	0
18	1
18	3
18	4
18	7
18	15
18	17
18	19
18	20
18	21
18	24
18	25
18	26
18	28
18	30
18	32
18	33
18	39
18	48
18	50
18	51
18	53
18	54
18	57
18	61
18	64
18	65
18	68
18	75
18	77
18	78
18	82
18	83
18	84
18	94
18	95
18	98
19	0
19	1
19	3
19	4
19	7
19	10
19	15
19	17
19	18
19	20
19	21
19	23
19	24
19	25
19	26
19	28
19	30
19	32
19	33
19	39
19	40
19	42
19	50
19	51
19	53
19	54
19	61
19	63
19	64
19	65
19	68
19	75
19	76
19	77
19	81
19	82
19	83
19	84
19	87
19	88
19	94
19	95
19	98
20	0
20	3
20	7
20	15
20	17
20	18
20	19
20	23
20	24
20	25
20	26
20	28
20	30
20	32
20	33
20	34
20	39
20	40
20	48
20	50
20	51
20	53
20	54
20	57
20	61
20	64
20	65
20	68
20	75
20	77
20	87
20	88
21	0
21	1
21	3
21	4
21	7
21	10
21	15
21	17
21	18
21	19
21	23
21	24
21	25
21	26
21	28
21	30
21	32
21	33
21	34
21	35
21	39
21	42
21	48
21	50
21	51
21	54
21	57
21	61
21	63
21	64
21	65
21	68
21	69
21	75
21	76
21	78
21	81
21	83
21	84
21	87
21	88
21	94
21	95
21	98
23	0
23	1
23	3
23	4
23	7
23	8
23	15
23	17
23	19
23	20
23	21
23	24
23	25
23	26
23	28
23	30
23	32
23	33
23	34
23	35
23	39
23	40
23	42
23	48
23	50
23	51
23	53
23	54
23	57
23	61
23	63
23	64
23	65
23	66
23	68
23	69
23	75
23	76
23	77
23	81
23	82
23	84
23	87
23	88
23	94
23	95
23	98
24	0
24	4
24	6
24	7
24	18
24	19
24	20
24	21
24	23
24	25
24	26
24	28
24	30
24	32
24	33
24	34
24	37
24	39
24	40
24	42
24	44
24	50
24	51
24	52
24	53
24	55
24	61
24	64
24	65
24	66
24	68
24	75
24	76
24	77
24	82
24	83
24	84
24	87
24	88
24	91
24	94
24	95
24	96
24	98
25	0
25	3
25	4
25	7
25	10
25	17
25	18
25	19
25	20
25	21
25	23
25	24
25	26
25	28
25	32
25	33
25	34
25	39
25	42
25	48
25	50
25	51
25	53
25	54
25	57
25	61
25	63
25	64
25	65
25	68
25	69
25	75
25	76
25	77
25	78
25	81
25	82
25	83
25	84
25	87
25	88
25	94
25	95
25	98
26	0
26	3
26	4
26	7
26	15
26	17
26	18
26	19
26	20
26	21
26	23
26	24
26	25
26	28
26	30
26	32
26	33
26	34
26	40
26	48
26	50
26	51
26	53
26	54
26	57
26	64
26	65
26	68
26	75
26	76
26	78
26	82
26	83
26	84
26	87
26	88
26	94
26	95
26	98
28	0
28	1
28	4
28	15
28	17
28	18
28	19
28	20
28	21
28	23
28	24
28	25
28	26
28	30
28	32
28	33
28	34
28	39
28	40
28	48
28	50
28	51
28	53
28	54
28	57
28	61
28	64
28	65
28	68
28	75
28	76
28	77
28	78
28	83
28	84
28	87
28	88
28	94
28	95
28	98
30	0
30	1
30	3
30	4
30	7
30	8
30	15
30	17
30	18
30	19
30	20
30	21
30	23
30	24
30	26
30	28
30	32
30	34
30	39
30	40
30	42
30	50
30	51
30	53
30	57
30	61
30	64
30	66
30	68
30	75
30	76
30	77
30	78
30	82
30	83
30	84
30	88
30	94
30	95
30	98
32	0
32	1
32	3
32	4
32	7
32	10
32	15
32	17
32	18
32	19
32	20
32	21
32	23
32	24
32	25
32	26
32	28
32	30
32	33
32	34
32	35
32	42
32	48
32	50
32	51
32	53
32	54
32	61
32	63
32	64
32	65
32	68
32	69
32	75
32	76
32	77
32	81
32	82
32	83
32	84
32	87
32	88
32	94
32	95
32	98
33	0
33	1
33	4
33	6
33	7
33	15
33	17
33	18
33	19
33	20
33	21
33	23
33	24
33	25
33	26
33	28
33	32
33	34
33	37
33	39
33	40
33	44
33	50
33	51
33	52
33	54
33	55
33	57
33	61
33	64
33	65
33	68
33	71
33	76
33	82
33	83
33	84
33	87
33	88
33	94
33	95
33	96
33	98
34	0
34	1
34	3
34	7
34	15
34	17
34	20
34	21
34	23
34	24
34	25
34	26
34	28
34	30
34	32
34	33
34	39
34	40
34	48
34	50
34	51
34	53
34	54
34	57
34	61
34	64
34	65
34	68
34	75
34	76
34	78
34	82
34	83
34	87
34	88
34	94
34	95
34	98
35	7
35	10
35	21
35	23
35	32
35	42
35	50
35	51
35	63
35	81
35	98
37	6
37	7
37	24
37	33
37	40
37	44
37	52
37	65
37	68
37	71
37	84
37	91
39	0
39	1
39	4
39	7
39	15
39	18
39	19
39	20
39	21
39	23
39	24
39	25
39	28
39	30
39	33
39	34
39	40
39	50
39	51
39	53
39	54
39	57
39	61
39	64
39	65
39	68
39	75
39	76
39	78
39	82
39	83
39	87
39	88
39	94
39	95
39	98
40	0
40	3
40	4
40	6
40	7
40	17
40	19
40	20
40	23
40	24
40	26
40	28
40	30
40	33
40	34
40	37
40	39
40	44
40	48
40	50
40	51
40	52
40	53
40	54
40	55
40	61
40	65
40	68
40	71
40	75
40	76
40	77
40	78
40	82
40	83
40	84
40	87
40	88
40	91
40	95
40	96
40	98
42	0
42	7
42	8
42	10
42	19
42	21
42	23
42	24
42	25
42	30
42	32
42	35
42	50
42	51
42	57
42	63
42	66
42	69
42	75
42	81
42	88
42	94
42	98
44	0
44	6
44	7
44	24
44	33
44	37
44	40
44	52
44	55
44	71
44	84
44	91
48	0
48	1
48	3
48	4
48	7
48	15
48	17
48	18
48	20
48	21
48	23
48	25
48	26
48	28
48	32
48	34
48	40
48	50
48	51
48	53
48	54
48	57
48	61
48	64
48	65
48	68
48	75
48	76
48	77
48	78
48	82
48	83
48	84
48	87
48	88
48	94
48	95
50	0
50	1
50	3
50	4
50	7
50	10
50	15
50	17
50	18
50	19
50	20
50	21
50	23
50	24
50	25
50	26
50	28
50	30
50	32
50	33
50	34
50	35
50	39
50	40
50	42
50	48
50	51
50	53
50	54
50	57
50	61
50	63
50	64
50	69
50	70
50	75
50	76
50	77
50	81
50	82
50	83
50	84
50	87
50	88
50	95
50	98
51	0
51	1
51	4
51	7
51	10
51	15
51	18
51	19
51	20
51	21
51	23
51	24
51	25
51	26
51	28
51	30
51	32
51	33
51	34
51	35
51	39
51	40
51	42
51	48
51	50
51	53
51	54
51	57
51	63
51	64
51	65
51	68
51	69
51	76
51	77
51	78
51	81
51	87
51	88
51	94
51	95
51	98
52	0
52	6
52	7
52	24
52	33
52	37
52	40
52	44
52	55
52	65
52	68
52	71
52	84
52	91
52	96
53	0
53	1
53	3
53	4
53	7
53	15
53	17
53	18
53	19
53	20
53	23
53	24
53	25
53	26
53	28
53	30
53	32
53	34
53	39
53	40
53	48
53	50
53	51
53	54
53	57
53	65
53	68
53	75
53	76
53	77
53	78
53	82
53	83
53	84
53	94
53	95
53	98
54	0
54	1
54	3
54	4
54	15
54	17
54	18
54	19
54	20
54	21
54	23
54	25
54	26
54	28
54	32
54	33
54	34
54	39
54	40
54	48
54	50
54	51
54	53
54	57
54	61
54	64
54	68
54	75
54	76
54	77
54	78
54	82
54	84
54	87
54	88
54	94
54	95
55	0
55	6
55	7
55	24
55	33
55	40
55	44
55	52
55	65
55	68
55	84
55	91
55	96
57	0
57	3
57	4
57	7
57	8
57	15
57	17
57	18
57	20
57	21
57	23
57	25
57	26
57	28
57	30
57	33
57	34
57	39
57	42
57	48
57	50
57	51
57	53
57	54
57	64
57	65
57	66
57	68
57	75
57	76
57	77
57	78
57	82
57	83
57	84
57	87
57	88
57	94
57	95
57	98
61	0
61	1
61	3
61	4
61	7
61	15
61	17
61	18
61	19
61	20
61	21
61	23
61	24
61	25
61	28
61	30
61	32
61	33
61	34
61	39
61	40
61	48
61	50
61	54
61	64
61	65
61	75
61	76
61	77
61	78
61	83
61	84
61	87
61	88
61	94
61	95
61	98
63	7
63	10
63	19
63	21
63	23
63	25
63	32
63	35
63	42
63	50
63	51
63	69
63	81
63	98
64	0
64	1
64	3
64	4
64	15
64	17
64	18
64	19
64	20
64	21
64	23
64	24
64	25
64	26
64	28
64	30
64	32
64	33
64	34
64	39
64	48
64	50
64	51
64	54
64	57
64	61
64	65
64	75
64	76
64	77
64	78
64	82
64	84
64	87
64	88
64	94
64	98
65	0
65	1
65	3
65	4
65	6
65	7
65	15
65	17
65	18
65	19
65	20
65	21
65	23
65	24
65	25
65	26
65	28
65	32
65	33
65	34
65	37
65	39
65	40
65	48
65	51
65	52
65	53
65	55
65	57
65	61
65	64
65	68
65	71
65	75
65	76
65	77
65	78
65	82
65	83
65	84
65	88
65	91
65	94
65	95
65	96
65	98
66	0
66	23
66	24
66	30
66	42
66	57
66	75
66	88
66	94
66	98
68	0
68	1
68	4
68	6
68	7
68	15
68	17
68	18
68	19
68	20
68	21
68	23
68	24
68	25
68	26
68	28
68	30
68	32
68	33
68	34
68	37
68	39
68	40
68	48
68	51
68	52
68	53
68	54
68	55
68	57
68	65
68	71
68	75
68	76
68	77
68	82
68	83
68	84
68	87
68	88
68	91
68	94
68	95
68	96
68	98
69	7
69	10
69	21
69	23
69	25
69	32
69	42
69	50
69	51
69	63
69	81
69	98
70	50
71	0
71	6
71	7
71	33
71	37
71	40
71	44
71	52
71	65
71	68
71	84
71	91
71	96
75	0
75	1
75	3
75	4
75	7
75	8
75	15
75	18
75	19
75	20
75	21
75	23
75	24
75	25
75	26
75	28
75	30
75	32
75	34
75	39
75	40
75	42
75	48
75	50
75	53
75	54
75	57
75	61
75	64
75	65
75	66
75	68
75	76
75	77
75	78
75	82
75	83
75	84
75	87
75	88
75	94
75	95
75	98
76	1
76	4
76	7
76	15
76	17
76	19
76	21
76	23
76	24
76	25
76	26
76	28
76	30
76	32
76	33
76	34
76	39
76	40
76	48
76	50
76	51
76	53
76	54
76	57
76	61
76	64
76	65
76	68
76	75
76	77
76	82
76	83
76	84
76	87
76	88
76	94
76	95
77	0
77	1
77	4
77	7
77	15
77	18
77	19
77	20
77	23
77	24
77	25
77	28
77	30
77	32
77	40
77	48
77	50
77	51
77	53
77	54
77	57
77	61
77	64
77	65
77	68
77	75
77	76
77	78
77	82
77	87
77	88
77	94
77	95
77	98
78	0
78	3
78	4
78	15
78	17
78	18
78	21
78	25
78	26
78	28
78	30
78	34
78	39
78	40
78	48
78	51
78	53
78	54
78	57
78	61
78	64
78	65
78	75
78	77
78	83
78	84
78	87
78	88
78	95
81	7
81	19
81	21
81	23
81	25
81	32
81	35
81	42
81	50
81	51
81	63
81	69
81	98
82	0
82	1
82	4
82	7
82	15
82	18
82	19
82	23
82	24
82	25
82	26
82	30
82	32
82	33
82	34
82	39
82	40
82	48
82	50
82	53
82	54
82	57
82	64
82	65
82	68
82	75
82	76
82	77
82	83
82	84
82	87
82	88
82	94
82	95
82	98
83	0
83	1
83	3
83	7
83	15
83	17
83	18
83	19
83	21
83	24
83	25
83	26
83	28
83	30
83	32
83	33
83	34
83	39
83	40
83	48
83	50
83	53
83	57
83	61
83	65
83	68
83	75
83	76
83	78
83	82
83	84
83	87
83	88
83	94
83	95
83	98
84	0
84	1
84	3
84	4
84	7
84	17
84	18
84	19
84	21
84	23
84	24
84	25
84	26
84	28
84	30
84	32
84	33
84	37
84	40
84	44
84	48
84	50
84	52
84	53
84	54
84	55
84	57
84	61
84	64
84	65
84	68
84	71
84	75
84	76
84	78
84	82
84	83
84	87
84	88
84	91
84	94
84	95
84	96
84	98
87	0
87	1
87	3
87	4
87	7
87	15
87	17
87	19
87	20
87	21
87	23
87	24
87	25
87	26
87	28
87	32
87	33
87	34
87	39
87	40
87	48
87	50
87	51
87	54
87	57
87	61
87	64
87	68
87	75
87	76
87	77
87	78
87	82
87	83
87	84
87	88
87	94
87	95
87	98
88	0
88	1
88	3
88	4
88	7
88	15
88	17
88	19
88	20
88	21
88	23
88	24
88	25
88	26
88	28
88	30
88	32
88	33
88	34
88	39
88	40
88	42
88	48
88	50
88	51
88	54
88	57
88	61
88	64
88	65
88	66
88	68
88	75
88	76
88	77
88	78
88	82
88	83
88	84
88	87
88	94
88	95
88	98
91	0
91	6
91	7
91	24
91	37
91	40
91	44
91	52
91	55
91	65
91	68
91	71
91	84
91	96
94	0
94	1
94	3
94	8
94	15
94	17
94	18
94	19
94	21
94	23
94	24
94	25
94	26
94	28
94	30
94	32
94	33
94	34
94	39
94	42
94	48
94	51
94	53
94	54
94	57
94	61
94	64
94	65
94	66
94	68
94	75
94	76
94	77
94	82
94	83
94	84
94	87
94	88
94	95
94	98
95	0
95	1
95	3
95	4
95	15
95	17
95	18
95	19
95	21
95	23
95	24
95	25
95	26
95	28
95	30
95	32
95	33
95	34
95	39
95	40
95	48
95	50
95	51
95	53
95	54
95	57
95	61
95	65
95	68
95	75
95	76
95	77
95	78
95	82
95	83
95	84
95	87
95	88
95	94
96	0
96	6
96	7
96	24
96	33
96	40
96	52
96	55
96	65
96	68
96	71
96	84
96	91
98	0
98	1
98	3
98	7
98	8
98	18
98	19
98	21
98	23
98	24
98	25
98	26
98	28
98	30
98	32
98	33
98	34
98	35
98	39
98	40
98	42
98	50
98	51
98	53
98	57
98	61
98	63
98	64
98	65
98	66
98	68
98	69
98	75
98	77
98	81
98	82
98	83
98	84
98	87
98	88
98	94
