0	3
0	5
0	6
0	7
0	9
0	12
0	14
0	18
0	20
0	21
0	22
0	23
0	24
0	26
0	28
0	29
0	30
0	31
0	32
0	34
0	35
0	36
0	46
0	47
0	48
0	52
0	53
0	56
0	62
0	67
0	68
0	70
0	72
0	76
0	77
0	84
0	88
0	90
0	92
0	94
0	95
0	96
0	98
1	19
1	96
2	4
2	5
2	7
2	11
2	14
2	16
2	18
2	23
2	28
2	29
2	30
2	36
2	37
2	40
2	42
2	45
2	51
2	52
2	54
2	57
2	58
2	61
2	62
2	63
2	66
2	67
2	71
2	73
2	76
2	77
2	78
2	79
2	83
2	89
2	90
2	96
2	98
3	0
3	5
3	7
3	9
3	14
3	15
3	16
3	18
3	20
3	21
3	22
3	24
3	26
3	28
3	29
3	30
3	31
3	32
3	34
3	35
3	36
3	39
3	46
3	47
3	48
3	52
3	53
3	62
3	66
3	68
3	69
3	72
3	76
3	77
3	84
3	88
3	90
3	94
3	95
3	96
3	98
4	2
4	7
4	11
4	14
4	17
4	23
4	27
4	28
4	29
4	30
4	36
4	37
4	40
4	42
4	51
4	52
4	54
4	57
4	58
4	61
4	62
4	63
4	66
4	67
4	68
4	70
4	73
4	76
4	77
4	79
4	83
4	89
4	90
4	93
4	96
5	0
5	2
5	3
5	6
5	7
5	9
5	11
5	12
5	14
5	15
5	16
5	17
5	18
5	20
5	21
5	23
5	24
5	26
5	28
5	29
5	30
5	31
5	34
5	35
5	36
5	37
5	39
5	40
5	42
5	45
5	48
5	51
5	52
5	54
5	56
5	57
5	58
5	61
5	62
5	63
5	66
5	67
5	68
5	69
5	70
5	72
5	73
5	76
5	77
5	79
5	83
5	84
5	88
5	89
5	90
5	92
5	93
5	94
5	95
5	96
5	98
6	0
6	5
6	9
6	11
6	12
6	14
6	15
6	16
6	18
6	21
6	22
6	23
6	24
6	26
6	27
6	28
6	29
6	31
6	32
6	34
6	35
6	36
6	39
6	40
6	42
6	44
6	45
6	46
6	47
6	48
6	49
6	50
6	51
6	52
6	53
6	54
6	56
6	58
6	61
6	62
6	64
6	65
6	67
6	68
6	69
6	70
6	72
6	76
6	77
6	78
6	83
6	84
6	88
6	90
6	92
6	94
6	95
6	96
7	0
7	2
7	3
7	4
7	5
7	11
7	12
7	14
7	16
7	17
7	18
7	20
7	21
7	22
7	26
7	28
7	29
7	30
7	31
7	32
7	34
7	35
7	36
7	37
7	40
7	42
7	45
7	46
7	47
7	48
7	51
7	52
7	53
7	54
7	56
7	57
7	58
7	61
7	62
7	63
7	66
7	67
7	68
7	69
7	70
7	71
7	72
7	73
7	76
7	77
7	79
7	83
7	84
7	89
7	90
7	92
7	93
7	94
7	95
7	96
7	98
8	28
8	94
9	0
9	3
9	5
9	6
9	14
9	15
9	16
9	18
9	20
9	21
9	22
9	23
9	24
9	26
9	28
9	29
9	32
9	34
9	35
9	36
9	39
9	46
9	47
9	48
9	52
9	53
9	56
9	68
9	69
9	70
9	72
9	77
9	84
9	90
9	92
9	94
9	95
9	96
9	98
11	2
11	4
11	5
11	6
11	7
11	12
11	13
11	14
11	16
11	17
11	18
11	23
11	24
11	25
11	28
11	29
11	30
11	36
11	39
11	40
11	42
11	44
11	45
11	47
11	50
11	51
11	54
11	57
11	58
11	61
11	62
11	63
11	64
11	65
11	66
11	67
11	68
11	69
11	70
11	71
11	73
11	76
11	77
11	78
11	79
11	83
11	89
11	90
11	92
11	93
11	95
11	96
11	98
12	0
12	5
12	6
12	7
12	11
12	14
12	15
12	16
12	18
12	20
12	21
12	22
12	23
12	24
12	25
12	26
12	27
12	28
12	29
12	31
12	32
12	34
12	35
12	36
12	39
12	40
12	42
12	44
12	45
12	46
12	47
12	48
12	50
12	51
12	52
12	53
12	54
12	56
12	58
12	62
12	64
12	65
12	66
12	67
12	68
12	69
12	70
12	72
12	76
12	77
12	78
12	83
12	84
12	88
12	90
12	92
12	94
12	95
12	96
13	11
13	65
13	77
13	83
14	0
14	2
14	3
14	4
14	5
14	6
14	7
14	9
14	11
14	12
14	15
14	16
14	17
14	18
14	20
14	21
14	22
14	23
14	24
14	25
14	26
14	27
14	28
14	29
14	30
14	31
14	32
14	34
14	35
14	36
14	37
14	39
14	40
14	42
14	44
14	45
14	47
14	48
14	50
14	51
14	52
14	53
14	54
14	56
14	57
14	58
14	61
14	62
14	63
14	64
14	65
14	66
14	67
14	68
14	69
14	70
14	72
14	73
14	76
14	77
14	78
14	83
14	84
14	88
14	89
14	90
14	92
14	93
14	94
14	95
14	96
14	98
15	3
15	5
15	6
15	9
15	12
15	14
15	16
15	18
15	20
15	21
15	22
15	23
15	24
15	26
15	29
15	30
15	31
15	32
15	35
15	36
15	39
15	46
15	47
15	52
15	53
15	56
15	62
15	67
15	68
15	69
15	72
15	76
15	77
15	84
15	90
15	92
15	94
15	95
15	96
15	98
16	2
16	3
16	5
16	6
16	7
16	9
16	11
16	12
16	14
16	15
16	17
16	18
16	20
16	21
16	22
16	23
16	24
16	26
16	29
16	30
16	31
16	32
16	34
16	35
16	36
16	37
16	39
16	40
16	42
16	45
16	46
16	47
16	48
16	51
16	52
16	53
16	54
16	56
16	57
16	58
16	61
16	62
16	63
16	66
16	67
16	68
16	69
16	70
16	71
16	72
16	76
16	77
16	79
16	83
16	84
16	88
16	89
16	90
16	92
16	94
16	95
16	96
16	98
17	4
17	5
17	7
17	11
17	14
17	16
17	18
17	28
17	29
17	30
17	36
17	37
17	40
17	45
17	51
17	52
17	54
17	57
17	58
17	61
17	62
17	63
17	66
17	67
17	68
17	71
17	73
17	77
17	79
17	83
17	89
17	90
17	93
17	96
17	98
18	0
18	2
18	3
18	5
18	6
18	7
18	9
18	11
18	12
18	14
18	15
18	16
18	17
18	20
18	21
18	22
18	23
18	24
18	25
18	26
18	27
18	28
18	29
18	30
18	31
18	32
18	34
18	35
18	37
18	39
18	40
18	42
18	45
18	47
18	48
18	50
18	51
18	52
18	53
18	54
18	56
18	58
18	61
18	62
18	63
18	64
18	65
18	66
18	67
18	68
18	69
18	70
18	72
18	76
18	77
18	78
18	79
18	82
18	83
18	84
18	88
18	89
18	90
18	92
18	93
18	94
18	95
18	96
18	98
19	1
19	64
19	76
19	87
19	90
19	99
20	0
20	3
20	5
20	7
20	9
20	12
20	14
20	15
20	16
20	18
20	21
20	22
20	24
20	26
20	28
20	29
20	31
20	32
20	34
20	35
20	36
20	39
20	47
20	48
20	52
20	53
20	56
20	68
20	69
20	70
20	72
20	76
20	77
20	79
20	88
20	90
20	92
20	94
20	95
21	0
21	3
21	5
21	6
21	7
21	9
21	12
21	14
21	15
21	16
21	18
21	20
21	22
21	23
21	24
21	25
21	26
21	27
21	28
21	29
21	30
21	31
21	32
21	34
21	35
21	36
21	39
21	40
21	42
21	44
21	45
21	46
21	47
21	48
21	50
21	51
21	52
21	53
21	58
21	62
21	64
21	65
21	67
21	68
21	69
21	70
21	72
21	76
21	77
21	78
21	83
21	84
21	88
21	90
21	92
21	94
21	95
21	96
21	98
22	0
22	3
22	6
22	7
22	9
22	12
22	14
22	15
22	16
22	18
22	20
22	21
22	23
22	24
22	26
22	28
22	29
22	30
22	32
22	35
22	36
22	39
22	46
22	52
22	53
22	55
22	62
22	68
22	69
22	70
22	72
22	74
22	76
22	77
22	84
22	88
22	90
22	92
22	93
22	94
22	95
22	96
22	98
22	99
23	0
23	2
23	4
23	5
23	6
23	9
23	11
23	12
23	14
23	15
23	16
23	18
23	21
23	22
23	24
23	25
23	26
23	27
23	28
23	29
23	30
23	31
23	32
23	34
23	35
23	36
23	37
23	39
23	40
23	42
23	44
23	45
23	46
23	47
23	50
23	51
23	52
23	53
23	54
23	56
23	57
23	58
23	61
23	62
23	63
23	65
23	66
23	67
23	68
23	69
23	70
23	71
23	72
23	73
23	76
23	77
23	78
23	83
23	84
23	88
23	89
23	90
23	92
23	93
23	94
23	95
23	96
23	98
24	0
24	3
24	5
24	6
24	9
24	11
24	12
24	14
24	15
24	16
24	18
24	20
24	21
24	22
24	23
24	25
24	26
24	27
24	28
24	29
24	31
24	32
24	34
24	36
24	38
24	39
24	40
24	42
24	44
24	45
24	46
24	47
24	48
24	50
24	51
24	52
24	53
24	56
24	58
24	62
24	64
24	65
24	66
24	67
24	68
24	69
24	70
24	72
24	76
24	77
24	78
24	84
24	88
24	90
24	92
24	94
24	95
24	96
24	98
25	11
25	12
25	14
25	18
25	21
25	23
25	24
25	27
25	29
25	32
25	39
25	40
25	42
25	44
25	45
25	47
25	50
25	51
25	54
25	58
25	64
25	69
25	70
25	78
25	83
25	95
26	0
26	3
26	5
26	6
26	7
26	9
26	12
26	14
26	15
26	16
26	18
26	20
26	21
26	22
26	23
26	24
26	28
26	29
26	30
26	31
26	32
26	34
26	35
26	36
26	39
26	46
26	47
26	48
26	52
26	53
26	62
26	67
26	68
26	69
26	70
26	72
26	76
26	77
26	84
26	88
26	90
26	94
26	95
26	96
26	98
27	4
27	6
27	12
27	14
27	18
27	21
27	23
27	24
27	25
27	29
27	39
27	40
27	42
27	44
27	45
27	47
27	50
27	51
27	62
27	64
27	65
27	67
27	70
27	78
27	83
27	95
28	0
28	2
28	3
28	4
28	5
28	6
28	7
28	8
28	9
28	11
28	12
28	14
28	17
28	18
28	20
28	21
28	22
28	23
28	24
28	26
28	29
28	30
28	31
28	34
28	35
28	36
28	37
28	40
28	42
28	45
28	46
28	47
28	48
28	52
28	53
28	54
28	56
28	57
28	58
28	62
28	63
28	66
28	67
28	68
28	70
28	71
28	72
28	73
28	74
28	76
28	77
28	79
28	83
28	84
28	88
28	89
28	90
28	92
28	93
28	94
28	95
28	96
28	98
29	0
29	2
29	3
29	4
29	5
29	6
29	7
29	9
29	11
29	12
29	14
29	15
29	16
29	17
29	18
29	20
29	21
29	22
29	23
29	24
29	25
29	26
29	27
29	28
29	30
29	31
29	32
29	34
29	35
29	36
29	37
29	39
29	40
29	42
29	44
29	45
29	46
29	47
29	48
29	51
29	52
29	53
29	54
29	56
29	57
29	58
29	61
29	62
29	63
29	64
29	65
29	66
29	67
29	68
29	69
29	70
29	71
29	72
29	73
29	76
29	77
29	78
29	79
29	83
29	84
29	88
29	90
29	92
29	93
29	94
29	95
29	96
29	97
29	98
30	0
30	2
30	3
30	4
30	5
30	7
30	11
30	14
30	15
30	16
30	17
30	18
30	21
30	22
30	23
30	26
30	28
30	29
30	31
30	34
30	35
30	36
30	37
30	39
30	40
30	42
30	45
30	46
30	47
30	48
30	51
30	52
30	53
30	54
30	56
30	57
30	58
30	61
30	62
30	63
30	66
30	67
30	68
30	69
30	70
30	72
30	73
30	76
30	77
30	79
30	83
30	85
30	88
30	89
30	90
30	92
30	93
30	96
30	98
31	0
31	3
31	5
31	6
31	7
31	12
31	14
31	15
31	16
31	18
31	20
31	21
31	23
31	24
31	26
31	28
31	29
31	30
31	32
31	34
31	35
31	39
31	46
31	47
31	48
31	53
31	56
31	62
31	67
31	68
31	70
31	72
31	76
31	77
31	84
31	88
31	90
31	94
31	96
31	98
32	0
32	3
32	6
32	7
32	9
32	12
32	14
32	15
32	16
32	18
32	20
32	21
32	22
32	23
32	24
32	25
32	26
32	29
32	31
32	34
32	36
32	39
32	46
32	47
32	48
32	52
32	53
32	56
32	57
32	62
32	67
32	68
32	69
32	70
32	72
32	76
32	77
32	84
32	88
32	90
32	92
32	94
32	95
32	96
32	98
33	47
33	66
34	0
34	3
34	5
34	6
34	7
34	9
34	12
34	14
34	16
34	18
34	20
34	21
34	23
34	24
34	26
34	28
34	29
34	30
34	31
34	32
34	35
34	36
34	39
34	46
34	47
34	48
34	52
34	56
34	62
34	67
34	68
34	69
34	70
34	72
34	88
34	92
34	94
34	95
34	96
34	98
35	0
35	3
35	5
35	6
35	7
35	9
35	12
35	14
35	15
35	16
35	18
35	20
35	21
35	22
35	23
35	26
35	28
35	29
35	30
35	31
35	34
35	36
35	41
35	46
35	47
35	48
35	52
35	56
35	62
35	67
35	68
35	69
35	70
35	72
35	76
35	77
35	84
35	90
35	92
35	94
35	95
35	96
35	98
36	0
36	2
36	3
36	4
36	5
36	6
36	7
36	9
36	11
36	12
36	14
36	15
36	16
36	17
36	20
36	21
36	22
36	23
36	24
36	26
36	28
36	29
36	30
36	32
36	34
36	35
36	37
36	39
36	40
36	42
36	45
36	47
36	48
36	51
36	52
36	53
36	54
36	56
36	57
36	58
36	61
36	62
36	63
36	67
36	68
36	69
36	70
36	72
36	73
36	76
36	77
36	79
36	83
36	84
36	88
36	89
36	90
36	92
36	93
36	94
36	95
36	96
36	98
37	2
37	4
37	5
37	7
37	14
37	16
37	17
37	18
37	23
37	28
37	29
37	30
37	36
37	40
37	42
37	45
37	51
37	52
37	57
37	58
37	62
37	63
37	68
37	71
37	73
37	76
37	77
37	79
37	89
37	90
37	93
37	98
38	24
38	92
39	3
39	5
39	6
39	9
39	11
39	12
39	14
39	15
39	16
39	18
39	20
39	21
39	22
39	23
39	24
39	25
39	26
39	27
39	29
39	30
39	31
39	32
39	34
39	36
39	40
39	42
39	45
39	46
39	47
39	48
39	50
39	51
39	52
39	53
39	54
39	56
39	58
39	62
39	64
39	65
39	66
39	67
39	68
39	69
39	70
39	72
39	76
39	77
39	78
39	83
39	84
39	88
39	90
39	92
39	94
39	95
39	96
39	98
40	2
40	4
40	5
40	6
40	7
40	11
40	12
40	14
40	16
40	17
40	18
40	21
40	23
40	24
40	25
40	27
40	28
40	29
40	30
40	36
40	37
40	39
40	42
40	44
40	45
40	50
40	51
40	52
40	54
40	58
40	61
40	62
40	63
40	64
40	65
40	67
40	68
40	69
40	70
40	71
40	73
40	76
40	77
40	78
40	79
40	83
40	89
40	90
40	92
40	93
40	95
40	96
40	98
41	35
42	2
42	4
42	5
42	6
42	7
42	11
42	12
42	14
42	16
42	18
42	21
42	23
42	24
42	25
42	27
42	28
42	29
42	30
42	36
42	37
42	39
42	40
42	44
42	45
42	47
42	50
42	51
42	52
42	54
42	57
42	58
42	61
42	62
42	63
42	64
42	65
42	66
42	67
42	68
42	69
42	70
42	71
42	73
42	76
42	77
42	78
42	79
42	83
42	89
42	90
42	92
42	93
42	95
42	96
42	98
43	45
44	6
44	11
44	12
44	14
44	21
44	23
44	24
44	25
44	27
44	29
44	40
44	42
44	45
44	47
44	50
44	51
44	54
44	58
44	62
44	64
44	65
44	67
44	70
44	78
44	81
45	2
45	5
45	6
45	7
45	11
45	12
45	14
45	16
45	17
45	18
45	21
45	23
45	24
45	25
45	27
45	28
45	29
45	30
45	36
45	37
45	39
45	40
45	42
45	43
45	44
45	47
45	50
45	51
45	52
45	54
45	57
45	58
45	61
45	62
45	63
45	64
45	65
45	66
45	67
45	70
45	71
45	76
45	77
45	78
45	79
45	80
45	83
45	90
45	92
45	93
45	95
45	96
45	98
46	0
46	3
46	6
46	7
46	9
46	12
46	15
46	16
46	21
46	22
46	23
46	24
46	26
46	28
46	29
46	30
46	31
46	32
46	34
46	35
46	39
46	47
46	48
46	52
46	56
46	62
46	67
46	68
46	69
46	70
46	72
46	75
46	76
46	77
46	84
46	88
46	90
46	92
46	94
46	96
46	98
47	0
47	3
47	6
47	7
47	9
47	11
47	12
47	14
47	15
47	16
47	18
47	20
47	21
47	23
47	24
47	25
47	26
47	27
47	28
47	29
47	30
47	31
47	32
47	33
47	34
47	35
47	36
47	39
47	42
47	44
47	45
47	46
47	48
47	50
47	51
47	54
47	56
47	62
47	64
47	65
47	66
47	67
47	68
47	69
47	70
47	72
47	77
47	78
47	83
47	84
47	88
47	90
47	92
47	94
47	95
47	96
48	0
48	3
48	5
48	6
48	7
48	9
48	12
48	14
48	16
48	18
48	20
48	21
48	24
48	26
48	28
48	29
48	30
48	31
48	32
48	34
48	35
48	36
48	39
48	46
48	47
48	52
48	53
48	56
48	62
48	67
48	68
48	69
48	70
48	72
48	76
48	77
48	84
48	88
48	90
48	92
48	94
48	95
48	96
49	6
49	56
50	6
50	11
50	12
50	14
50	18
50	21
50	23
50	24
50	25
50	27
50	39
50	40
50	42
50	44
50	45
50	47
50	51
50	54
50	58
50	62
50	64
50	65
50	66
50	67
50	69
50	70
50	78
50	83
50	92
50	95
51	2
51	4
51	5
51	6
51	7
51	11
51	12
51	14
51	16
51	17
51	18
51	21
51	23
51	24
51	25
51	27
51	29
51	30
51	36
51	37
51	39
51	40
51	42
51	44
51	45
51	47
51	50
51	54
51	57
51	58
51	61
51	62
51	63
51	64
51	65
51	66
51	67
51	68
51	70
51	71
51	73
51	76
51	77
51	78
51	79
51	83
51	89
51	92
51	93
51	95
51	98
52	0
52	2
52	3
52	4
52	5
52	6
52	7
52	9
52	12
52	14
52	15
52	16
52	17
52	18
52	20
52	21
52	22
52	23
52	24
52	26
52	28
52	29
52	30
52	32
52	34
52	35
52	36
52	37
52	39
52	40
52	42
52	45
52	46
52	48
52	53
52	54
52	56
52	58
52	61
52	62
52	63
52	66
52	67
52	68
52	69
52	70
52	72
52	73
52	76
52	77
52	79
52	83
52	84
52	88
52	89
52	90
52	91
52	92
52	93
52	94
52	95
52	96
52	98
53	0
53	3
53	6
53	7
53	9
53	12
53	14
53	15
53	16
53	18
53	20
53	21
53	22
53	23
53	24
53	26
53	28
53	29
53	30
53	31
53	32
53	36
53	39
53	48
53	52
53	56
53	62
53	67
53	69
53	70
53	72
53	76
53	77
53	80
53	84
53	88
53	90
53	92
53	94
53	95
53	98
54	2
54	4
54	5
54	6
54	7
54	11
54	12
54	14
54	16
54	17
54	18
54	23
54	25
54	28
54	29
54	30
54	36
54	39
54	40
54	42
54	44
54	45
54	47
54	50
54	51
54	52
54	57
54	58
54	61
54	62
54	63
54	64
54	65
54	66
54	67
54	68
54	69
54	70
54	71
54	73
54	77
54	78
54	79
54	83
54	89
54	90
54	92
54	93
54	96
54	98
55	22
56	0
56	5
56	6
56	7
56	9
56	12
56	14
56	15
56	16
56	18
56	20
56	23
56	24
56	28
56	29
56	30
56	31
56	32
56	34
56	35
56	36
56	39
56	46
56	47
56	48
56	49
56	52
56	53
56	62
56	67
56	68
56	70
56	76
56	77
56	80
56	84
56	88
56	90
56	92
56	94
56	95
57	2
57	4
57	5
57	7
57	11
57	14
57	16
57	17
57	23
57	28
57	29
57	30
57	32
57	36
57	37
57	42
57	45
57	51
57	54
57	61
57	62
57	63
57	66
57	67
57	68
57	70
57	71
57	73
57	76
57	77
57	83
57	89
57	90
57	93
57	98
58	2
58	4
58	5
58	6
58	7
58	11
58	12
58	14
58	16
58	17
58	18
58	21
58	23
58	24
58	25
58	28
58	29
58	30
58	36
58	37
58	39
58	40
58	42
58	44
58	45
58	50
58	51
58	52
58	54
58	61
58	62
58	63
58	64
58	65
58	67
58	69
58	70
58	71
58	73
58	76
58	77
58	78
58	79
58	83
58	89
58	90
58	92
58	93
58	95
58	96
58	98
59	72
59	88
60	73
60	79
61	2
61	4
61	5
61	6
61	7
61	11
61	14
61	16
61	17
61	18
61	23
61	29
61	30
61	36
61	40
61	42
61	45
61	51
61	52
61	54
61	57
61	58
61	62
61	63
61	66
61	67
61	68
61	70
61	71
61	73
61	76
61	77
61	79
61	83
61	87
61	89
61	90
61	93
61	96
61	98
62	0
62	2
62	3
62	4
62	5
62	6
62	7
62	11
62	12
62	14
62	15
62	16
62	17
62	18
62	21
62	22
62	23
62	24
62	26
62	27
62	28
62	29
62	30
62	31
62	32
62	34
62	35
62	36
62	37
62	39
62	40
62	42
62	44
62	45
62	46
62	47
62	48
62	50
62	51
62	52
62	53
62	54
62	56
62	57
62	58
62	61
62	63
62	64
62	65
62	66
62	67
62	68
62	69
62	70
62	71
62	73
62	76
62	77
62	78
62	79
62	83
62	88
62	89
62	90
62	92
62	93
62	94
62	95
62	96
62	98
63	2
63	4
63	5
63	7
63	11
63	14
63	16
63	17
63	18
63	23
63	28
63	29
63	30
63	36
63	37
63	40
63	42
63	45
63	51
63	52
63	54
63	57
63	58
63	61
63	62
63	66
63	67
63	68
63	70
63	71
63	76
63	77
63	79
63	83
63	89
63	90
63	93
63	96
64	6
64	11
64	12
64	14
64	18
64	19
64	21
64	24
64	25
64	27
64	29
64	39
64	40
64	42
64	44
64	45
64	47
64	50
64	51
64	54
64	58
64	62
64	65
64	66
64	70
64	78
64	83
64	90
64	92
64	95
65	6
65	11
65	12
65	13
65	14
65	18
65	21
65	23
65	24
65	27
65	29
65	39
65	40
65	42
65	44
65	45
65	47
65	50
65	51
65	54
65	58
65	62
65	64
65	66
65	67
65	69
65	70
65	78
65	83
65	84
65	92
65	95
65	96
66	2
66	3
66	4
66	5
66	7
66	11
66	12
66	14
66	16
66	17
66	18
66	23
66	24
66	28
66	29
66	30
66	33
66	39
66	42
66	45
66	47
66	50
66	51
66	52
66	54
66	57
66	61
66	62
66	63
66	64
66	65
66	67
66	68
66	69
66	70
66	71
66	73
66	76
66	77
66	78
66	79
66	83
66	89
66	90
66	92
66	93
66	95
66	96
66	98
67	0
67	2
67	4
67	5
67	6
67	7
67	11
67	12
67	14
67	15
67	16
67	17
67	18
67	21
67	23
67	24
67	26
67	27
67	28
67	29
67	30
67	31
67	32
67	34
67	35
67	36
67	39
67	40
67	42
67	44
67	45
67	46
67	47
67	48
67	50
67	51
67	52
67	53
67	54
67	56
67	57
67	58
67	61
67	62
67	63
67	65
67	66
67	68
67	69
67	70
67	71
67	73
67	76
67	77
67	78
67	79
67	82
67	83
67	88
67	89
67	90
67	92
67	93
67	94
67	95
67	96
67	98
67	99
68	0
68	3
68	4
68	5
68	6
68	7
68	9
68	11
68	12
68	14
68	15
68	16
68	17
68	18
68	20
68	21
68	22
68	23
68	24
68	26
68	28
68	29
68	30
68	31
68	32
68	34
68	35
68	36
68	37
68	39
68	40
68	42
68	46
68	47
68	48
68	51
68	52
68	54
68	56
68	57
68	61
68	62
68	63
68	66
68	67
68	69
68	70
68	71
68	72
68	73
68	76
68	77
68	79
68	83
68	84
68	88
68	89
68	90
68	92
68	93
68	94
68	95
68	96
68	98
69	3
69	5
69	6
69	7
69	9
69	11
69	12
69	14
69	15
69	16
69	18
69	20
69	21
69	22
69	23
69	24
69	25
69	26
69	29
69	30
69	32
69	34
69	35
69	36
69	39
69	40
69	42
69	46
69	47
69	48
69	50
69	52
69	53
69	54
69	58
69	62
69	65
69	66
69	67
69	68
69	70
69	71
69	72
69	76
69	78
69	83
69	84
69	88
69	90
69	92
69	94
69	95
69	96
69	98
70	0
70	4
70	5
70	6
70	7
70	9
70	11
70	12
70	14
70	16
70	18
70	20
70	21
70	22
70	23
70	24
70	25
70	26
70	27
70	28
70	29
70	30
70	31
70	32
70	34
70	35
70	36
70	39
70	40
70	42
70	44
70	45
70	46
70	47
70	48
70	50
70	51
70	52
70	53
70	54
70	56
70	57
70	58
70	61
70	62
70	63
70	64
70	65
70	66
70	67
70	68
70	69
70	72
70	73
70	77
70	78
70	79
70	83
70	84
70	86
70	88
70	89
70	90
70	92
70	93
70	94
70	95
70	96
70	98
71	2
71	7
71	11
71	16
71	17
71	23
71	28
71	29
71	37
71	40
71	42
71	45
71	51
71	54
71	57
71	58
71	61
71	62
71	63
71	66
71	67
71	68
71	69
71	73
71	76
71	77
71	79
71	89
71	90
71	92
71	93
71	96
71	98
72	0
72	3
72	5
72	6
72	7
72	9
72	12
72	14
72	15
72	16
72	18
72	20
72	21
72	22
72	23
72	24
72	26
72	28
72	29
72	30
72	31
72	32
72	34
72	35
72	36
72	39
72	46
72	47
72	48
72	52
72	53
72	59
72	68
72	69
72	70
72	76
72	77
72	84
72	88
72	89
72	92
72	94
72	95
72	96
72	98
73	2
73	4
73	5
73	7
73	11
73	14
73	17
73	23
73	28
73	29
73	30
73	36
73	37
73	40
73	42
73	51
73	52
73	54
73	57
73	58
73	60
73	61
73	62
73	66
73	67
73	68
73	70
73	71
73	76
73	77
73	79
73	83
73	90
73	94
73	96
73	98
74	22
74	28
75	46
76	0
76	2
76	3
76	4
76	5
76	6
76	7
76	11
76	12
76	14
76	15
76	16
76	18
76	19
76	20
76	21
76	22
76	23
76	24
76	26
76	28
76	29
76	30
76	31
76	32
76	35
76	36
76	37
76	39
76	40
76	42
76	45
76	46
76	48
76	51
76	52
76	53
76	56
76	57
76	58
76	61
76	62
76	63
76	66
76	67
76	68
76	69
76	71
76	72
76	73
76	77
76	83
76	84
76	87
76	88
76	89
76	90
76	92
76	93
76	94
76	95
76	96
76	98
77	0
77	2
77	3
77	4
77	5
77	6
77	7
77	9
77	11
77	12
77	13
77	14
77	15
77	16
77	17
77	18
77	20
77	21
77	22
77	23
77	24
77	26
77	28
77	29
77	30
77	31
77	32
77	35
77	36
77	37
77	39
77	40
77	42
77	45
77	46
77	47
77	48
77	51
77	52
77	53
77	54
77	56
77	57
77	58
77	61
77	62
77	63
77	66
77	67
77	68
77	70
77	71
77	72
77	73
77	76
77	79
77	83
77	84
77	89
77	90
77	92
77	93
77	94
77	95
77	96
77	98
78	2
78	6
78	11
78	12
78	14
78	18
78	21
78	23
78	24
78	25
78	27
78	29
78	39
78	40
78	42
78	44
78	45
78	47
78	50
78	51
78	54
78	58
78	62
78	64
78	65
78	66
78	67
78	69
78	70
78	83
78	92
79	2
79	4
79	5
79	7
79	11
79	16
79	17
79	18
79	20
79	28
79	29
79	30
79	36
79	37
79	40
79	42
79	45
79	51
79	52
79	54
79	58
79	60
79	61
79	62
79	63
79	66
79	67
79	68
79	70
79	71
79	73
79	77
79	83
79	89
79	90
79	93
79	98
80	45
80	53
80	56
81	44
82	18
82	67
83	2
83	4
83	5
83	6
83	7
83	11
83	12
83	13
83	14
83	16
83	17
83	18
83	21
83	23
83	25
83	27
83	28
83	29
83	30
83	36
83	39
83	40
83	42
83	45
83	47
83	50
83	51
83	52
83	54
83	57
83	58
83	61
83	62
83	63
83	64
83	65
83	66
83	67
83	68
83	69
83	70
83	73
83	76
83	77
83	78
83	79
83	89
83	93
83	96
83	98
84	0
84	3
84	5
84	6
84	7
84	9
84	12
84	14
84	15
84	16
84	18
84	21
84	22
84	23
84	24
84	26
84	28
84	29
84	31
84	32
84	35
84	36
84	39
84	46
84	47
84	48
84	52
84	53
84	56
84	65
84	68
84	69
84	70
84	72
84	76
84	77
84	88
84	89
84	90
84	92
84	95
84	96
84	98
85	30
86	70
87	19
87	61
87	76
87	94
88	0
88	3
88	5
88	6
88	12
88	14
88	16
88	18
88	20
88	21
88	22
88	23
88	24
88	26
88	28
88	29
88	30
88	31
88	32
88	34
88	36
88	39
88	46
88	47
88	48
88	52
88	53
88	56
88	59
88	62
88	67
88	68
88	69
88	70
88	72
88	76
88	84
88	90
88	92
88	96
88	98
89	2
89	4
89	5
89	7
89	11
89	14
89	16
89	17
89	18
89	23
89	28
89	30
89	36
89	37
89	40
89	42
89	51
89	52
89	54
89	57
89	58
89	61
89	62
89	63
89	66
89	67
89	68
89	70
89	71
89	72
89	76
89	77
89	79
89	83
89	84
89	90
89	93
89	96
89	98
90	0
90	2
90	3
90	4
90	5
90	6
90	7
90	9
90	11
90	12
90	14
90	15
90	16
90	17
90	18
90	19
90	20
90	21
90	22
90	23
90	24
90	26
90	28
90	29
90	30
90	31
90	32
90	35
90	36
90	37
90	39
90	40
90	42
90	45
90	46
90	47
90	48
90	52
90	53
90	54
90	56
90	57
90	58
90	61
90	62
90	63
90	64
90	66
90	67
90	68
90	69
90	70
90	71
90	73
90	76
90	77
90	79
90	84
90	88
90	89
90	92
90	93
90	94
90	95
90	96
90	98
91	52
92	0
92	5
92	6
92	7
92	9
92	11
92	12
92	14
92	15
92	16
92	18
92	20
92	21
92	22
92	23
92	24
92	28
92	29
92	30
92	32
92	34
92	35
92	36
92	38
92	39
92	40
92	42
92	45
92	46
92	47
92	48
92	50
92	51
92	52
92	53
92	54
92	56
92	58
92	62
92	64
92	65
92	66
92	67
92	68
92	69
92	70
92	71
92	72
92	76
92	77
92	78
92	84
92	88
92	90
92	94
92	95
92	96
92	98
93	4
93	5
93	7
93	11
93	14
93	17
93	18
93	22
93	23
93	28
93	29
93	30
93	36
93	37
93	40
93	42
93	45
93	51
93	52
93	54
93	57
93	58
93	61
93	62
93	63
93	66
93	67
93	68
93	70
93	71
93	76
93	77
93	79
93	83
93	89
93	90
93	95
93	96
93	98
94	0
94	3
94	5
94	6
94	7
94	8
94	9
94	12
94	14
94	15
94	16
94	18
94	20
94	21
94	22
94	23
94	24
94	26
94	28
94	29
94	31
94	32
94	34
94	35
94	36
94	39
94	46
94	47
94	48
94	52
94	53
94	56
94	62
94	67
94	68
94	69
94	70
94	72
94	73
94	76
94	77
94	87
94	90
94	92
94	95
94	98
95	0
95	3
95	5
95	6
95	7
95	9
95	11
95	12
95	14
95	15
95	16
95	18
95	20
95	21
95	22
95	23
95	24
95	25
95	26
95	27
95	28
95	29
95	32
95	34
95	35
95	36
95	39
95	40
95	42
95	45
95	47
95	48
95	50
95	51
95	52
95	53
95	56
95	58
95	62
95	64
95	65
95	66
95	67
95	68
95	69
95	70
95	72
95	76
95	77
95	84
95	90
95	92
95	93
95	94
95	96
95	98
96	0
96	1
96	2
96	3
96	4
96	5
96	6
96	7
96	9
96	11
96	12
96	14
96	15
96	16
96	17
96	18
96	21
96	22
96	23
96	24
96	26
96	28
96	29
96	30
96	31
96	32
96	34
96	35
96	36
96	39
96	40
96	42
96	45
96	46
96	47
96	48
96	52
96	54
96	58
96	61
96	62
96	63
96	65
96	66
96	67
96	68
96	69
96	70
96	71
96	72
96	73
96	76
96	77
96	83
96	84
96	88
96	89
96	90
96	92
96	93
96	95
96	98
97	29
98	0
98	2
98	3
98	5
98	7
98	9
98	11
98	14
98	15
98	16
98	17
98	18
98	21
98	22
98	23
98	24
98	26
98	28
98	29
98	30
98	31
98	32
98	34
98	35
98	36
98	37
98	39
98	40
98	42
98	45
98	46
98	51
98	52
98	53
98	54
98	57
98	58
98	61
98	62
98	66
98	67
98	68
98	69
98	70
98	71
98	72
98	73
98	76
98	77
98	79
98	83
98	84
98	88
98	89
98	90
98	92
98	93
98	94
98	95
98	96
99	19
99	22
99	67
