0	1
0	2
0	4
0	5
0	7
0	8
0	9
0	11
0	12
0	14
0	17
0	19
0	21
0	25
0	26
0	27
0	28
0	29
0	30
0	31
0	33
0	34
0	35
0	37
0	38
0	39
0	40
0	41
0	42
0	44
0	45
0	46
0	47
0	48
0	49
0	50
0	51
0	53
0	54
0	55
0	56
0	57
0	58
0	59
0	61
0	62
0	63
0	66
0	67
0	68
0	70
0	72
0	73
0	76
0	77
0	78
0	81
0	82
0	85
0	89
0	90
0	92
0	94
0	95
0	96
0	98
1	0
1	2
1	4
1	5
1	6
1	7
1	8
1	9
1	10
1	11
1	12
1	13
1	14
1	15
1	16
1	17
1	18
1	21
1	22
1	24
1	25
1	26
1	27
1	28
1	29
1	30
1	31
1	33
1	34
1	35
1	37
1	38
1	39
1	40
1	41
1	42
1	43
1	44
1	45
1	46
1	47
1	48
1	49
1	50
1	51
1	53
1	54
1	55
1	56
1	57
1	58
1	61
1	62
1	63
1	65
1	66
1	67
1	68
1	69
1	70
1	71
1	72
1	73
1	75
1	76
1	77
1	78
1	79
1	81
1	84
1	85
1	86
1	88
1	89
1	90
1	91
1	92
1	94
1	95
1	96
1	98
1	99
2	0
2	1
2	4
2	5
2	7
2	9
2	10
2	11
2	14
2	15
2	16
2	17
2	18
2	19
2	20
2	21
2	22
2	25
2	26
2	28
2	30
2	31
2	33
2	34
2	35
2	37
2	38
2	39
2	41
2	42
2	43
2	44
2	45
2	46
2	47
2	49
2	50
2	51
2	52
2	54
2	55
2	56
2	57
2	59
2	61
2	62
2	63
2	67
2	68
2	70
2	71
2	72
2	73
2	76
2	77
2	78
2	82
2	83
2	85
2	86
2	90
2	91
2	92
2	94
2	95
2	96
2	98
2	99
4	0
4	1
4	2
4	5
4	7
4	8
4	9
4	10
4	11
4	12
4	14
4	15
4	16
4	17
4	19
4	20
4	21
4	22
4	25
4	26
4	27
4	28
4	31
4	33
4	34
4	35
4	37
4	38
4	39
4	41
4	42
4	43
4	44
4	45
4	46
4	47
4	48
4	49
4	50
4	51
4	52
4	53
4	54
4	55
4	56
4	57
4	59
4	61
4	62
4	63
4	67
4	68
4	69
4	70
4	71
4	72
4	76
4	78
4	82
4	83
4	85
4	89
4	90
4	91
4	92
4	93
4	94
4	95
4	96
4	98
4	99
5	0
5	1
5	2
5	4
5	7
5	9
5	10
5	11
5	12
5	14
5	15
5	16
5	17
5	18
5	19
5	20
5	21
5	22
5	25
5	26
5	27
5	28
5	30
5	31
5	33
5	34
5	37
5	38
5	39
5	41
5	42
5	43
5	44
5	45
5	46
5	48
5	49
5	50
5	51
5	52
5	53
5	54
5	55
5	56
5	57
5	59
5	61
5	62
5	63
5	67
5	68
5	70
5	72
5	73
5	76
5	77
5	78
5	82
5	83
5	86
5	90
5	92
5	94
5	95
5	96
5	98
5	99
6	1
6	8
6	9
6	11
6	12
6	13
6	17
6	18
6	21
6	24
6	25
6	29
6	31
6	33
6	39
6	40
6	41
6	42
6	45
6	46
6	47
6	49
6	50
6	51
6	53
6	57
6	58
6	59
6	61
6	63
6	65
6	66
6	67
6	68
6	69
6	73
6	75
6	77
6	81
6	84
6	85
6	88
6	90
6	94
6	96
7	0
7	1
7	2
7	4
7	5
7	8
7	9
7	10
7	11
7	12
7	15
7	16
7	17
7	18
7	20
7	21
7	22
7	25
7	26
7	27
7	28
7	30
7	31
7	33
7	34
7	35
7	37
7	38
7	39
7	41
7	42
7	43
7	44
7	45
7	46
7	47
7	48
7	49
7	50
7	51
7	52
7	53
7	54
7	55
7	56
7	57
7	61
7	62
7	63
7	67
7	68
7	69
7	70
7	71
7	72
7	73
7	76
7	77
7	78
7	82
7	85
7	86
7	90
7	91
7	92
7	94
7	95
7	96
7	98
7	99
8	0
8	1
8	4
8	6
8	7
8	9
8	10
8	11
8	12
8	13
8	14
8	17
8	18
8	19
8	21
8	22
8	24
8	27
8	28
8	29
8	30
8	31
8	33
8	34
8	35
8	37
8	39
8	40
8	41
8	42
8	44
8	45
8	46
8	47
8	48
8	49
8	50
8	51
8	54
8	55
8	56
8	57
8	58
8	59
8	61
8	62
8	63
8	65
8	66
8	67
8	68
8	69
8	70
8	72
8	73
8	75
8	76
8	77
8	78
8	79
8	81
8	82
8	84
8	85
8	88
8	90
8	92
8	94
8	95
8	96
8	98
9	0
9	1
9	2
9	4
9	5
9	6
9	7
9	8
9	11
9	12
9	13
9	14
9	15
9	17
9	18
9	19
9	20
9	21
9	22
9	24
9	25
9	26
9	27
9	28
9	29
9	30
9	31
9	33
9	34
9	35
9	37
9	38
9	39
9	40
9	41
9	42
9	43
9	44
9	45
9	46
9	47
9	49
9	50
9	51
9	52
9	53
9	54
9	55
9	56
9	57
9	58
9	59
9	61
9	62
9	63
9	65
9	66
9	67
9	68
9	69
9	70
9	71
9	72
9	73
9	75
9	76
9	77
9	78
9	79
9	81
9	82
9	83
9	85
9	86
9	88
9	89
9	90
9	91
9	95
9	96
9	98
9	99
10	1
10	2
10	4
10	5
10	7
10	8
10	11
10	12
10	14
10	15
10	16
10	17
10	18
10	19
10	21
10	22
10	25
10	26
10	27
10	30
10	31
10	33
10	34
10	35
10	37
10	38
10	39
10	41
10	42
10	43
10	44
10	45
10	46
10	47
10	48
10	49
10	50
10	51
10	52
10	53
10	54
10	55
10	56
10	57
10	61
10	62
10	63
10	67
10	68
10	69
10	72
10	73
10	76
10	77
10	78
10	82
10	83
10	85
10	86
10	89
10	90
10	91
10	92
10	93
10	94
10	95
10	96
10	98
11	0
11	1
11	2
11	4
11	5
11	6
11	7
11	8
11	9
11	10
11	12
11	13
11	14
11	18
11	19
11	21
11	22
11	24
11	25
11	27
11	28
11	30
11	31
11	33
11	34
11	35
11	37
11	38
11	39
11	41
11	42
11	44
11	45
11	46
11	47
11	48
11	49
11	50
11	51
11	53
11	54
11	56
11	57
11	58
11	61
11	63
11	65
11	66
11	67
11	68
11	69
11	70
11	72
11	73
11	75
11	76
11	77
11	78
11	79
11	84
11	85
11	88
11	89
11	90
11	92
11	94
11	95
11	96
12	0
12	1
12	4
12	5
12	6
12	7
12	8
12	9
12	10
12	11
12	13
12	14
12	17
12	18
12	21
12	22
12	24
12	25
12	27
12	28
12	29
12	30
12	31
12	33
12	34
12	35
12	37
12	38
12	39
12	40
12	41
12	42
12	44
12	45
12	46
12	47
12	48
12	49
12	50
12	51
12	53
12	54
12	55
12	56
12	57
12	58
12	59
12	61
12	62
12	63
12	65
12	66
12	67
12	68
12	69
12	70
12	73
12	75
12	76
12	77
12	78
12	79
12	81
12	82
12	84
12	85
12	88
12	89
12	90
12	92
12	94
12	95
12	96
12	98
13	1
13	6
13	8
13	9
13	11
13	12
13	21
13	24
13	25
13	27
13	29
13	31
13	33
13	37
13	39
13	40
13	41
13	42
13	45
13	46
13	47
13	50
13	53
13	58
13	59
13	61
13	63
13	65
13	66
13	67
13	68
13	69
13	75
13	77
13	79
13	81
13	84
13	85
13	88
13	89
13	94
13	95
13	96
14	0
14	1
14	2
14	4
14	5
14	8
14	9
14	10
14	11
14	12
14	15
14	16
14	17
14	19
14	20
14	21
14	22
14	25
14	26
14	27
14	28
14	30
14	31
14	33
14	34
14	35
14	37
14	38
14	39
14	41
14	42
14	44
14	45
14	46
14	48
14	49
14	50
14	51
14	52
14	53
14	54
14	55
14	56
14	57
14	59
14	60
14	61
14	62
14	63
14	67
14	68
14	70
14	72
14	73
14	76
14	77
14	78
14	82
14	83
14	85
14	86
14	90
14	91
14	92
14	94
14	95
14	96
14	99
15	1
15	2
15	4
15	5
15	7
15	9
15	10
15	14
15	16
15	18
15	20
15	21
15	26
15	30
15	33
15	34
15	38
15	39
15	43
15	44
15	45
15	49
15	50
15	52
15	53
15	55
15	56
15	57
15	61
15	62
15	67
15	69
15	71
15	72
15	73
15	76
15	78
15	83
15	86
15	90
15	91
15	92
15	96
16	1
16	2
16	4
16	5
16	7
16	10
16	14
16	15
16	18
16	20
16	21
16	30
16	34
16	35
16	38
16	39
16	41
16	43
16	44
16	45
16	49
16	50
16	52
16	53
16	55
16	56
16	59
16	61
16	62
16	69
16	71
16	72
16	73
16	76
16	78
16	90
16	91
16	92
16	96
17	0
17	1
17	2
17	4
17	5
17	6
17	7
17	8
17	9
17	10
17	12
17	14
17	19
17	21
17	22
17	24
17	25
17	26
17	27
17	28
17	29
17	30
17	31
17	33
17	35
17	37
17	39
17	40
17	41
17	42
17	44
17	45
17	46
17	47
17	48
17	49
17	50
17	51
17	53
17	54
17	55
17	56
17	57
17	58
17	59
17	61
17	62
17	63
17	65
17	66
17	67
17	68
17	69
17	70
17	72
17	73
17	75
17	76
17	77
17	78
17	79
17	81
17	82
17	84
17	85
17	88
17	89
17	90
17	92
17	94
17	95
17	96
17	98
18	1
18	2
18	5
18	6
18	7
18	8
18	9
18	10
18	11
18	12
18	15
18	16
18	20
18	21
18	24
18	25
18	26
18	27
18	29
18	30
18	31
18	33
18	34
18	37
18	38
18	40
18	41
18	42
18	43
18	44
18	45
18	46
18	47
18	49
18	50
18	52
18	53
18	55
18	56
18	57
18	58
18	59
18	61
18	62
18	65
18	66
18	67
18	68
18	69
18	72
18	73
18	75
18	76
18	77
18	78
18	79
18	83
18	84
18	85
18	86
18	90
18	91
18	92
18	94
18	95
18	96
18	99
19	0
19	2
19	4
19	5
19	8
19	9
19	10
19	11
19	14
19	17
19	21
19	22
19	25
19	26
19	27
19	28
19	30
19	31
19	34
19	35
19	37
19	38
19	39
19	41
19	42
19	45
19	46
19	48
19	50
19	51
19	53
19	54
19	55
19	56
19	61
19	62
19	63
19	68
19	70
19	72
19	78
19	82
19	90
19	94
19	95
19	98
20	2
20	4
20	5
20	7
20	9
20	14
20	15
20	16
20	18
20	21
20	26
20	30
20	33
20	34
20	38
20	39
20	41
20	43
20	44
20	49
20	52
20	53
20	55
20	57
20	59
20	61
20	62
20	69
20	71
20	72
20	73
20	76
20	78
20	82
20	83
20	86
20	90
20	91
20	92
20	95
20	96
20	99
21	0
21	1
21	2
21	4
21	5
21	6
21	7
21	8
21	9
21	10
21	11
21	12
21	13
21	14
21	15
21	16
21	17
21	18
21	19
21	20
21	24
21	26
21	27
21	28
21	29
21	30
21	31
21	33
21	34
21	35
21	37
21	38
21	39
21	40
21	41
21	42
21	43
21	44
21	45
21	46
21	47
21	48
21	49
21	50
21	51
21	53
21	55
21	56
21	57
21	58
21	59
21	61
21	62
21	63
21	65
21	66
21	67
21	68
21	69
21	70
21	71
21	72
21	73
21	75
21	76
21	77
21	78
21	79
21	81
21	82
21	83
21	84
21	85
21	86
21	88
21	89
21	90
21	91
21	92
21	94
21	95
21	96
21	98
21	99
22	1
22	2
22	4
22	5
22	7
22	8
22	9
22	10
22	11
22	12
22	14
22	17
22	19
22	25
22	26
22	27
22	28
22	30
22	31
22	33
22	34
22	37
22	38
22	39
22	41
22	42
22	44
22	45
22	46
22	47
22	48
22	51
22	53
22	54
22	55
22	56
22	61
22	62
22	63
22	67
22	68
22	70
22	72
22	77
22	78
22	82
22	85
22	90
22	92
22	94
22	95
22	98
24	1
24	6
24	8
24	9
24	11
24	12
24	13
24	17
24	18
24	21
24	25
24	27
24	29
24	31
24	37
24	39
24	40
24	41
24	42
24	45
24	46
24	47
24	49
24	50
24	53
24	57
24	58
24	59
24	61
24	63
24	65
24	66
24	68
24	69
24	73
24	75
24	76
24	79
24	81
24	84
24	85
24	88
24	89
24	90
24	94
24	96
25	0
25	1
25	2
25	4
25	5
25	6
25	7
25	9
25	10
25	11
25	12
25	13
25	14
25	17
25	18
25	19
25	22
25	24
25	26
25	27
25	28
25	29
25	30
25	31
25	33
25	35
25	37
25	38
25	39
25	40
25	41
25	42
25	44
25	45
25	46
25	47
25	48
25	49
25	50
25	51
25	53
25	54
25	55
25	56
25	57
25	58
25	59
25	61
25	62
25	63
25	65
25	66
25	67
25	68
25	69
25	72
25	73
25	75
25	77
25	78
25	79
25	81
25	82
25	84
25	85
25	88
25	89
25	90
25	92
25	94
25	95
25	96
25	98
26	0
26	1
26	2
26	4
26	5
26	7
26	9
26	10
26	14
26	15
26	17
26	18
26	19
26	20
26	21
26	22
26	25
26	27
26	28
26	30
26	31
26	33
26	34
26	38
26	39
26	41
26	43
26	44
26	45
26	46
26	47
26	48
26	49
26	50
26	51
26	52
26	53
26	54
26	55
26	56
26	57
26	59
26	61
26	62
26	63
26	67
26	68
26	69
26	70
26	71
26	72
26	76
26	77
26	78
26	82
26	83
26	86
26	90
26	91
26	92
26	94
26	95
26	98
26	99
27	0
27	1
27	4
27	5
27	7
27	8
27	9
27	10
27	11
27	12
27	13
27	14
27	17
27	18
27	19
27	21
27	22
27	24
27	25
27	26
27	28
27	29
27	30
27	31
27	33
27	34
27	35
27	37
27	39
27	40
27	41
27	42
27	44
27	45
27	46
27	47
27	48
27	49
27	50
27	53
27	54
27	55
27	56
27	58
27	59
27	61
27	62
27	63
27	65
27	66
27	67
27	68
27	69
27	70
27	72
27	75
27	76
27	77
27	78
27	79
27	81
27	84
27	85
27	88
27	89
27	90
27	94
27	95
27	96
28	0
28	1
28	2
28	4
28	5
28	7
28	8
28	9
28	11
28	12
28	14
28	17
28	19
28	21
28	22
28	25
28	26
28	27
28	30
28	31
28	33
28	34
28	35
28	37
28	38
28	41
28	42
28	44
28	45
28	46
28	47
28	50
28	51
28	53
28	54
28	55
28	56
28	61
28	62
28	63
28	67
28	68
28	70
28	72
28	78
28	82
28	85
28	90
28	95
28	98
29	0
29	1
29	6
29	8
29	9
29	12
29	13
29	17
29	18
29	21
29	24
29	25
29	27
29	31
29	33
29	37
29	40
29	42
29	45
29	46
29	47
29	49
29	53
29	57
29	58
29	59
29	61
29	63
29	65
29	66
29	67
29	68
29	69
29	75
29	76
29	79
29	81
29	84
29	85
29	88
29	90
29	94
29	95
29	96
30	0
30	1
30	2
30	5
30	7
30	8
30	9
30	10
30	11
30	12
30	14
30	15
30	16
30	17
30	18
30	19
30	20
30	21
30	22
30	25
30	26
30	27
30	28
30	31
30	33
30	34
30	35
30	37
30	38
30	39
30	41
30	42
30	43
30	44
30	45
30	46
30	48
30	49
30	50
30	51
30	52
30	54
30	55
30	56
30	59
30	61
30	62
30	63
30	67
30	69
30	70
30	71
30	72
30	73
30	76
30	78
30	82
30	83
30	85
30	86
30	90
30	91
30	92
30	94
30	95
30	96
30	98
30	99
31	0
31	1
31	2
31	4
31	5
31	6
31	7
31	8
31	9
31	10
31	11
31	12
31	13
31	14
31	17
31	18
31	19
31	21
31	22
31	24
31	25
31	26
31	27
31	28
31	29
31	30
31	33
31	34
31	35
31	37
31	38
31	39
31	40
31	41
31	42
31	44
31	45
31	46
31	47
31	48
31	49
31	50
31	51
31	53
31	55
31	56
31	57
31	58
31	59
31	61
31	62
31	63
31	65
31	67
31	68
31	69
31	70
31	72
31	73
31	75
31	76
31	77
31	78
31	81
31	82
31	84
31	85
31	88
31	89
31	90
31	92
31	94
31	95
31	96
31	98
32	77
33	0
33	1
33	2
33	4
33	5
33	6
33	7
33	8
33	9
33	10
33	11
33	12
33	13
33	14
33	15
33	17
33	18
33	20
33	21
33	22
33	25
33	26
33	27
33	28
33	29
33	30
33	31
33	34
33	35
33	37
33	38
33	39
33	40
33	41
33	42
33	43
33	44
33	45
33	46
33	47
33	48
33	49
33	50
33	51
33	53
33	54
33	55
33	56
33	57
33	58
33	59
33	61
33	62
33	63
33	65
33	66
33	67
33	68
33	69
33	70
33	71
33	72
33	73
33	75
33	76
33	77
33	78
33	81
33	82
33	83
33	84
33	85
33	86
33	88
33	89
33	90
33	91
33	92
33	94
33	95
33	96
33	98
33	99
34	0
34	1
34	2
34	4
34	5
34	7
34	8
34	9
34	10
34	11
34	12
34	14
34	15
34	16
34	18
34	19
34	20
34	21
34	22
34	26
34	27
34	28
34	30
34	31
34	33
34	35
34	37
34	38
34	39
34	41
34	42
34	43
34	44
34	45
34	46
34	47
34	48
34	49
34	50
34	52
34	54
34	55
34	56
34	57
34	59
34	61
34	62
34	63
34	67
34	68
34	69
34	70
34	71
34	72
34	73
34	76
34	77
34	78
34	82
34	85
34	86
34	90
34	91
34	92
34	94
34	95
34	96
34	98
34	99
35	0
35	1
35	2
35	4
35	7
35	8
35	9
35	10
35	11
35	12
35	14
35	16
35	17
35	19
35	21
35	25
35	27
35	28
35	30
35	31
35	33
35	34
35	37
35	38
35	39
35	41
35	44
35	45
35	46
35	47
35	48
35	51
35	53
35	54
35	55
35	56
35	63
35	67
35	68
35	70
35	72
35	77
35	82
35	90
35	92
35	94
35	95
35	98
37	0
37	1
37	2
37	4
37	5
37	7
37	8
37	9
37	10
37	11
37	12
37	13
37	14
37	17
37	18
37	19
37	21
37	22
37	24
37	25
37	27
37	28
37	29
37	30
37	31
37	33
37	34
37	35
37	38
37	39
37	40
37	41
37	42
37	45
37	46
37	47
37	48
37	49
37	50
37	51
37	53
37	55
37	56
37	57
37	58
37	59
37	61
37	62
37	65
37	66
37	67
37	68
37	69
37	70
37	75
37	76
37	77
37	78
37	81
37	82
37	84
37	85
37	88
37	89
37	90
37	92
37	94
37	95
37	96
37	98
38	0
38	1
38	2
38	4
38	5
38	7
38	9
38	10
38	11
38	12
38	14
38	15
38	16
38	18
38	19
38	20
38	21
38	22
38	25
38	26
38	28
38	30
38	31
38	33
38	34
38	35
38	37
38	39
38	41
38	42
38	43
38	44
38	45
38	46
38	47
38	48
38	49
38	50
38	51
38	52
38	53
38	55
38	56
38	59
38	61
38	62
38	63
38	67
38	68
38	69
38	70
38	71
38	72
38	73
38	76
38	78
38	82
38	83
38	85
38	86
38	90
38	91
38	92
38	95
38	96
38	98
38	99
39	0
39	1
39	2
39	4
39	5
39	6
39	7
39	8
39	9
39	10
39	11
39	12
39	13
39	14
39	15
39	16
39	17
39	19
39	20
39	21
39	22
39	24
39	25
39	26
39	27
39	30
39	31
39	33
39	34
39	35
39	37
39	38
39	40
39	41
39	42
39	44
39	45
39	46
39	47
39	49
39	50
39	51
39	52
39	53
39	54
39	55
39	56
39	57
39	58
39	59
39	61
39	62
39	63
39	65
39	67
39	68
39	69
39	70
39	71
39	72
39	73
39	75
39	76
39	77
39	78
39	79
39	81
39	82
39	83
39	84
39	85
39	86
39	88
39	89
39	90
39	91
39	92
39	93
39	94
39	95
39	96
39	98
39	99
40	0
40	1
40	6
40	8
40	9
40	12
40	13
40	17
40	18
40	21
40	24
40	25
40	27
40	29
40	31
40	33
40	37
40	39
40	41
40	42
40	45
40	49
40	50
40	53
40	57
40	58
40	59
40	61
40	63
40	66
40	67
40	68
40	73
40	75
40	76
40	77
40	79
40	81
40	84
40	88
40	89
40	90
40	94
41	0
41	1
41	2
41	4
41	5
41	6
41	7
41	8
41	9
41	10
41	11
41	12
41	13
41	14
41	16
41	17
41	18
41	19
41	20
41	21
41	22
41	24
41	25
41	26
41	27
41	28
41	30
41	31
41	33
41	34
41	35
41	37
41	38
41	39
41	40
41	42
41	43
41	44
41	45
41	46
41	47
41	48
41	49
41	50
41	51
41	52
41	53
41	54
41	55
41	56
41	57
41	58
41	59
41	61
41	62
41	63
41	65
41	66
41	67
41	68
41	69
41	70
41	71
41	72
41	73
41	75
41	76
41	77
41	78
41	79
41	81
41	82
41	83
41	85
41	86
41	88
41	89
41	90
41	91
41	92
41	94
41	95
41	96
41	98
42	0
42	1
42	2
42	4
42	5
42	6
42	7
42	8
42	9
42	10
42	11
42	12
42	13
42	14
42	17
42	18
42	19
42	21
42	22
42	24
42	25
42	27
42	28
42	29
42	30
42	31
42	33
42	34
42	37
42	38
42	39
42	40
42	41
42	44
42	45
42	46
42	47
42	48
42	49
42	50
42	51
42	53
42	54
42	55
42	56
42	57
42	58
42	59
42	61
42	62
42	63
42	65
42	66
42	67
42	68
42	70
42	72
42	73
42	75
42	76
42	77
42	78
42	79
42	81
42	82
42	84
42	85
42	88
42	89
42	90
42	92
42	94
42	95
42	96
42	98
43	1
43	2
43	4
43	5
43	7
43	9
43	10
43	15
43	16
43	18
43	20
43	21
43	26
43	30
43	33
43	34
43	38
43	41
43	44
43	45
43	49
43	50
43	53
43	55
43	56
43	57
43	59
43	61
43	62
43	69
43	71
43	72
43	73
43	76
43	78
43	82
43	83
43	86
43	90
43	96
43	99
44	0
44	1
44	2
44	4
44	5
44	7
44	8
44	9
44	10
44	11
44	12
44	14
44	15
44	16
44	17
44	18
44	20
44	21
44	22
44	25
44	26
44	27
44	28
44	30
44	31
44	33
44	34
44	35
44	38
44	39
44	41
44	42
44	43
44	45
44	46
44	47
44	48
44	49
44	50
44	51
44	52
44	53
44	54
44	55
44	56
44	57
44	59
44	61
44	62
44	63
44	67
44	68
44	69
44	70
44	71
44	73
44	76
44	77
44	78
44	82
44	83
44	85
44	86
44	90
44	91
44	92
44	94
44	96
44	98
44	99
45	0
45	1
45	2
45	4
45	5
45	6
45	7
45	8
45	9
45	10
45	11
45	12
45	13
45	14
45	15
45	16
45	17
45	18
45	19
45	21
45	22
45	24
45	25
45	26
45	27
45	28
45	29
45	30
45	31
45	33
45	34
45	35
45	37
45	38
45	39
45	40
45	41
45	42
45	43
45	44
45	46
45	47
45	48
45	49
45	50
45	51
45	52
45	53
45	54
45	55
45	56
45	57
45	58
45	59
45	61
45	62
45	63
45	65
45	66
45	67
45	68
45	69
45	70
45	71
45	72
45	73
45	76
45	77
45	78
45	79
45	81
45	82
45	83
45	84
45	85
45	86
45	89
45	90
45	91
45	92
45	94
45	95
45	96
45	98
45	99
46	0
46	1
46	2
46	4
46	5
46	6
46	7
46	8
46	9
46	10
46	11
46	12
46	13
46	14
46	17
46	18
46	19
46	21
46	22
46	24
46	25
46	26
46	27
46	28
46	29
46	30
46	31
46	33
46	34
46	35
46	37
46	38
46	39
46	41
46	42
46	44
46	45
46	47
46	48
46	49
46	50
46	51
46	53
46	54
46	55
46	56
46	57
46	58
46	59
46	61
46	62
46	63
46	65
46	66
46	67
46	68
46	69
46	73
46	75
46	76
46	78
46	79
46	82
46	84
46	85
46	88
46	89
46	90
46	92
46	94
46	96
46	98
47	0
47	1
47	2
47	4
47	6
47	7
47	8
47	9
47	10
47	11
47	12
47	13
47	17
47	18
47	21
47	22
47	24
47	25
47	26
47	27
47	28
47	29
47	31
47	33
47	34
47	35
47	37
47	38
47	39
47	41
47	42
47	44
47	45
47	46
47	48
47	49
47	50
47	51
47	53
47	54
47	55
47	56
47	57
47	58
47	59
47	61
47	62
47	63
47	65
47	66
47	67
47	68
47	69
47	70
47	72
47	73
47	75
47	76
47	77
47	78
47	79
47	81
47	82
47	85
47	88
47	89
47	90
47	92
47	94
47	95
47	96
47	98
48	0
48	1
48	4
48	5
48	7
48	8
48	10
48	11
48	12
48	14
48	17
48	19
48	21
48	22
48	25
48	26
48	27
48	30
48	31
48	33
48	34
48	35
48	37
48	38
48	41
48	42
48	44
48	45
48	46
48	47
48	50
48	51
48	53
48	54
48	55
48	56
48	61
48	62
48	63
48	68
48	70
48	78
48	82
48	90
48	94
48	95
48	98
49	0
49	1
49	2
49	4
49	5
49	6
49	7
49	8
49	9
49	10
49	11
49	12
49	14
49	15
49	16
49	17
49	18
49	20
49	21
49	24
49	25
49	26
49	27
49	29
49	30
49	31
49	33
49	34
49	37
49	38
49	39
49	40
49	41
49	42
49	43
49	44
49	45
49	46
49	47
49	50
49	53
49	55
49	57
49	58
49	59
49	61
49	62
49	63
49	65
49	66
49	67
49	68
49	69
49	71
49	72
49	73
49	75
49	76
49	77
49	78
49	79
49	81
49	82
49	83
49	84
49	85
49	86
49	88
49	90
49	91
49	92
49	94
49	95
49	96
49	99
50	0
50	1
50	2
50	4
50	5
50	6
50	7
50	8
50	9
50	10
50	11
50	12
50	13
50	14
50	15
50	16
50	17
50	18
50	19
50	21
50	24
50	25
50	26
50	27
50	28
50	30
50	31
50	33
50	34
50	37
50	38
50	39
50	40
50	41
50	42
50	43
50	44
50	45
50	46
50	47
50	48
50	49
50	51
50	52
50	53
50	54
50	55
50	56
50	57
50	58
50	59
50	61
50	62
50	63
50	65
50	66
50	67
50	68
50	69
50	70
50	72
50	73
50	75
50	76
50	77
50	78
50	79
50	81
50	82
50	83
50	84
50	85
50	86
50	88
50	89
50	90
50	91
50	92
50	94
50	95
50	96
50	98
50	99
51	0
51	1
51	2
51	4
51	5
51	6
51	7
51	8
51	9
51	10
51	11
51	12
51	14
51	17
51	19
51	21
51	22
51	25
51	26
51	28
51	30
51	31
51	33
51	35
51	37
51	38
51	39
51	41
51	42
51	44
51	45
51	46
51	47
51	48
51	50
51	53
51	54
51	55
51	56
51	61
51	62
51	63
51	67
51	68
51	70
51	72
51	77
51	78
51	82
51	85
51	92
51	94
51	95
52	2
52	4
52	5
52	7
52	9
52	10
52	14
52	15
52	16
52	18
52	20
52	26
52	30
52	34
52	38
52	39
52	41
52	44
52	45
52	50
52	55
52	56
52	57
52	59
52	61
52	62
52	67
52	69
52	71
52	72
52	73
52	76
52	78
52	82
52	83
52	86
52	90
52	91
52	96
52	99
53	0
53	1
53	4
53	5
53	6
53	7
53	9
53	10
53	11
53	12
53	13
53	14
53	15
53	16
53	17
53	18
53	19
53	20
53	21
53	22
53	24
53	25
53	26
53	27
53	28
53	29
53	31
53	33
53	35
53	37
53	38
53	39
53	40
53	41
53	42
53	43
53	44
53	45
53	46
53	47
53	48
53	49
53	50
53	51
53	54
53	56
53	57
53	58
53	59
53	61
53	62
53	63
53	67
53	68
53	69
53	70
53	71
53	72
53	73
53	76
53	77
53	78
53	79
53	81
53	82
53	84
53	85
53	88
53	90
53	91
53	92
53	94
53	95
53	96
53	98
53	99
54	0
54	1
54	2
54	4
54	5
54	7
54	8
54	9
54	10
54	11
54	12
54	14
54	17
54	19
54	22
54	25
54	26
54	27
54	28
54	30
54	33
54	34
54	35
54	39
54	41
54	42
54	44
54	45
54	46
54	47
54	48
54	50
54	51
54	53
54	55
54	56
54	61
54	62
54	63
54	67
54	68
54	70
54	72
54	78
54	82
54	92
54	94
54	95
54	98
55	0
55	1
55	2
55	4
55	5
55	7
55	8
55	9
55	10
55	12
55	14
55	15
55	16
55	17
55	18
55	19
55	20
55	21
55	22
55	25
55	26
55	27
55	28
55	30
55	31
55	33
55	34
55	35
55	37
55	38
55	39
55	41
55	42
55	43
55	44
55	45
55	46
55	47
55	48
55	49
55	50
55	51
55	52
55	54
55	56
55	57
55	59
55	61
55	62
55	63
55	67
55	68
55	69
55	70
55	72
55	73
55	76
55	77
55	78
55	82
55	83
55	85
55	86
55	90
55	91
55	92
55	95
55	98
55	99
56	0
56	1
56	2
56	4
56	5
56	7
56	8
56	9
56	10
56	11
56	12
56	14
56	15
56	16
56	17
56	18
56	19
56	21
56	22
56	25
56	26
56	27
56	28
56	30
56	31
56	33
56	34
56	35
56	37
56	38
56	39
56	41
56	42
56	43
56	44
56	45
56	46
56	47
56	48
56	50
56	51
56	52
56	53
56	54
56	55
56	57
56	59
56	61
56	62
56	63
56	67
56	68
56	69
56	70
56	71
56	72
56	73
56	76
56	77
56	80
56	82
56	83
56	85
56	86
56	90
56	91
56	92
56	95
56	96
56	98
56	99
57	0
57	1
57	2
57	4
57	5
57	6
57	7
57	8
57	9
57	10
57	11
57	12
57	14
57	15
57	17
57	18
57	20
57	21
57	24
57	25
57	26
57	29
57	31
57	33
57	34
57	37
57	39
57	40
57	41
57	42
57	43
57	44
57	45
57	46
57	47
57	49
57	50
57	52
57	53
57	55
57	56
57	58
57	59
57	61
57	62
57	63
57	65
57	66
57	67
57	68
57	69
57	71
57	72
57	73
57	75
57	76
57	78
57	79
57	81
57	82
57	83
57	84
57	85
57	86
57	88
57	89
57	90
57	91
57	94
57	95
57	96
57	99
58	0
58	1
58	6
58	8
58	9
58	11
58	12
58	13
58	17
58	18
58	21
58	24
58	25
58	27
58	29
58	31
58	33
58	37
58	39
58	40
58	41
58	42
58	45
58	46
58	47
58	49
58	50
58	53
58	57
58	59
58	63
58	65
58	66
58	67
58	69
58	73
58	75
58	76
58	79
58	81
58	84
58	85
58	88
58	89
58	94
58	95
58	96
59	0
59	2
59	4
59	5
59	6
59	8
59	9
59	12
59	13
59	14
59	16
59	17
59	18
59	20
59	21
59	24
59	25
59	26
59	27
59	29
59	30
59	31
59	33
59	34
59	37
59	38
59	39
59	40
59	41
59	42
59	43
59	44
59	45
59	46
59	47
59	49
59	50
59	52
59	53
59	55
59	56
59	57
59	58
59	61
59	62
59	63
59	65
59	66
59	67
59	68
59	69
59	72
59	73
59	75
59	76
59	77
59	78
59	79
59	81
59	83
59	84
59	85
59	88
59	89
59	90
59	91
59	92
59	94
59	95
59	96
60	14
61	0
61	1
61	2
61	4
61	5
61	6
61	7
61	8
61	9
61	10
61	11
61	12
61	13
61	14
61	15
61	16
61	17
61	18
61	19
61	20
61	21
61	22
61	24
61	25
61	26
61	27
61	28
61	29
61	30
61	31
61	33
61	34
61	37
61	38
61	39
61	40
61	41
61	42
61	43
61	44
61	45
61	46
61	47
61	48
61	49
61	50
61	51
61	52
61	53
61	54
61	55
61	56
61	57
61	59
61	62
61	63
61	65
61	66
61	67
61	68
61	69
61	70
61	71
61	72
61	73
61	75
61	76
61	77
61	78
61	79
61	81
61	82
61	83
61	84
61	85
61	88
61	89
61	90
61	91
61	92
61	94
61	95
61	96
61	98
61	99
62	0
62	1
62	2
62	4
62	5
62	7
62	8
62	9
62	10
62	12
62	14
62	15
62	16
62	17
62	18
62	19
62	20
62	21
62	22
62	25
62	26
62	27
62	28
62	30
62	31
62	33
62	34
62	37
62	38
62	39
62	41
62	42
62	43
62	44
62	45
62	46
62	47
62	48
62	49
62	50
62	51
62	52
62	53
62	54
62	55
62	56
62	57
62	59
62	61
62	63
62	67
62	69
62	70
62	71
62	72
62	73
62	76
62	78
62	82
62	83
62	85
62	86
62	90
62	92
62	94
62	95
62	96
62	98
62	99
63	0
63	1
63	2
63	4
63	5
63	6
63	7
63	8
63	9
63	10
63	11
63	12
63	13
63	14
63	17
63	19
63	21
63	22
63	24
63	25
63	26
63	27
63	28
63	29
63	30
63	31
63	33
63	34
63	35
63	38
63	39
63	40
63	41
63	42
63	44
63	45
63	46
63	47
63	48
63	49
63	50
63	51
63	53
63	54
63	55
63	56
63	57
63	58
63	59
63	61
63	62
63	65
63	66
63	67
63	68
63	69
63	70
63	72
63	73
63	75
63	76
63	77
63	79
63	82
63	84
63	85
63	88
63	89
63	90
63	94
63	95
63	96
63	98
65	1
65	6
65	8
65	9
65	11
65	12
65	13
65	17
65	18
65	21
65	24
65	25
65	27
65	29
65	31
65	33
65	37
65	39
65	41
65	42
65	45
65	46
65	47
65	49
65	50
65	57
65	58
65	59
65	61
65	63
65	66
65	67
65	68
65	69
65	73
65	76
65	77
65	79
65	81
65	82
65	84
65	85
65	88
65	89
65	95
65	96
66	0
66	1
66	6
66	8
66	9
66	11
66	12
66	13
66	17
66	18
66	21
66	24
66	25
66	27
66	29
66	33
66	37
66	40
66	41
66	42
66	45
66	46
66	47
66	49
66	50
66	57
66	58
66	59
66	61
66	63
66	65
66	67
66	68
66	69
66	73
66	75
66	76
66	77
66	79
66	84
66	85
66	88
66	90
66	94
66	95
66	96
67	0
67	1
67	2
67	4
67	5
67	6
67	7
67	8
67	9
67	10
67	11
67	12
67	13
67	14
67	15
67	17
67	18
67	21
67	22
67	25
67	26
67	27
67	28
67	29
67	30
67	31
67	33
67	34
67	35
67	37
67	38
67	39
67	40
67	41
67	42
67	44
67	45
67	46
67	47
67	49
67	50
67	51
67	52
67	53
67	54
67	55
67	56
67	57
67	58
67	59
67	61
67	62
67	63
67	65
67	66
67	68
67	69
67	70
67	71
67	72
67	73
67	75
67	76
67	77
67	78
67	79
67	81
67	82
67	83
67	84
67	85
67	86
67	88
67	89
67	90
67	91
67	92
67	94
67	96
67	98
67	99
68	0
68	1
68	2
68	4
68	5
68	6
68	7
68	8
68	9
68	10
68	11
68	12
68	13
68	14
68	17
68	18
68	19
68	21
68	22
68	24
68	25
68	26
68	27
68	28
68	29
68	31
68	33
68	34
68	35
68	37
68	38
68	39
68	40
68	41
68	42
68	44
68	45
68	46
68	47
68	48
68	49
68	50
68	51
68	53
68	54
68	55
68	56
68	57
68	59
68	61
68	63
68	65
68	66
68	67
68	69
68	70
68	72
68	73
68	75
68	76
68	77
68	78
68	79
68	81
68	82
68	85
68	88
68	89
68	90
68	92
68	94
68	95
68	98
69	1
69	4
69	6
69	7
69	8
69	9
69	10
69	11
69	12
69	13
69	15
69	16
69	17
69	18
69	20
69	21
69	24
69	25
69	26
69	27
69	29
69	30
69	31
69	33
69	34
69	37
69	38
69	39
69	41
69	43
69	44
69	45
69	46
69	47
69	49
69	50
69	52
69	53
69	55
69	56
69	57
69	58
69	59
69	61
69	62
69	63
69	65
69	66
69	67
69	68
69	71
69	72
69	73
69	75
69	76
69	77
69	78
69	79
69	81
69	82
69	84
69	85
69	86
69	88
69	89
69	90
69	91
69	92
69	94
69	95
69	96
69	99
70	0
70	1
70	2
70	4
70	5
70	7
70	8
70	9
70	11
70	12
70	14
70	17
70	19
70	21
70	22
70	26
70	27
70	28
70	30
70	31
70	33
70	34
70	35
70	37
70	38
70	39
70	41
70	42
70	44
70	45
70	47
70	48
70	50
70	51
70	53
70	54
70	55
70	56
70	61
70	62
70	63
70	67
70	68
70	72
70	77
70	78
70	82
70	85
70	90
70	92
70	94
70	95
70	98
71	1
71	2
71	4
71	7
71	9
71	15
71	16
71	20
71	21
71	26
71	30
71	33
71	34
71	38
71	39
71	41
71	43
71	44
71	45
71	49
71	52
71	53
71	56
71	57
71	61
71	62
71	67
71	69
71	72
71	73
71	76
71	78
71	83
71	86
71	90
71	92
71	96
71	99
72	0
72	1
72	2
72	4
72	5
72	7
72	8
72	9
72	10
72	11
72	14
72	15
72	16
72	17
72	18
72	19
72	20
72	21
72	22
72	25
72	26
72	27
72	28
72	30
72	31
72	33
72	34
72	35
72	38
72	39
72	41
72	42
72	43
72	45
72	47
72	49
72	50
72	51
72	52
72	53
72	54
72	55
72	56
72	57
72	59
72	61
72	62
72	63
72	67
72	68
72	69
72	70
72	71
72	73
72	76
72	77
72	78
72	82
72	86
72	89
72	90
72	91
72	92
72	93
72	95
72	96
72	98
72	99
73	0
73	1
73	2
73	5
73	6
73	7
73	8
73	9
73	10
73	11
73	12
73	14
73	15
73	16
73	17
73	18
73	20
73	21
73	24
73	25
73	30
73	31
73	33
73	34
73	38
73	39
73	40
73	41
73	42
73	43
73	44
73	45
73	46
73	47
73	49
73	50
73	52
73	53
73	55
73	56
73	57
73	58
73	59
73	61
73	62
73	63
73	65
73	66
73	67
73	68
73	69
73	71
73	72
73	75
73	76
73	77
73	79
73	81
73	82
73	83
73	84
73	86
73	88
73	89
73	90
73	92
73	94
73	95
73	96
73	99
75	1
75	6
75	8
75	9
75	11
75	12
75	13
75	17
75	18
75	21
75	24
75	25
75	27
75	29
75	31
75	33
75	37
75	39
75	40
75	41
75	42
75	46
75	47
75	49
75	50
75	57
75	58
75	59
75	61
75	63
75	66
75	67
75	68
75	69
75	73
75	77
75	79
75	81
75	84
75	85
75	88
75	90
75	94
75	95
75	96
76	0
76	1
76	2
76	4
76	5
76	7
76	8
76	9
76	10
76	11
76	12
76	14
76	15
76	16
76	17
76	18
76	20
76	21
76	24
76	26
76	27
76	29
76	30
76	31
76	33
76	34
76	37
76	38
76	39
76	40
76	41
76	42
76	43
76	44
76	45
76	46
76	47
76	49
76	50
76	52
76	53
76	55
76	56
76	57
76	58
76	59
76	61
76	62
76	63
76	65
76	66
76	67
76	68
76	69
76	71
76	72
76	73
76	79
76	81
76	82
76	83
76	84
76	85
76	86
76	90
76	91
76	94
76	95
76	96
77	0
77	1
77	2
77	5
77	6
77	7
77	8
77	9
77	10
77	11
77	12
77	13
77	14
77	17
77	18
77	21
77	22
77	25
77	26
77	27
77	31
77	32
77	33
77	34
77	35
77	37
77	39
77	40
77	41
77	42
77	44
77	45
77	47
77	49
77	50
77	51
77	53
77	55
77	56
77	59
77	61
77	63
77	65
77	66
77	67
77	68
77	69
77	70
77	72
77	73
77	75
77	78
77	79
77	81
77	82
77	84
77	85
77	88
77	89
77	90
77	92
77	94
77	96
77	98
78	0
78	1
78	2
78	4
78	5
78	7
78	8
78	9
78	10
78	11
78	12
78	14
78	15
78	16
78	17
78	18
78	19
78	20
78	21
78	22
78	25
78	26
78	27
78	28
78	30
78	31
78	33
78	34
78	37
78	38
78	39
78	41
78	42
78	43
78	44
78	45
78	46
78	47
78	48
78	49
78	50
78	51
78	52
78	53
78	54
78	55
78	57
78	59
78	61
78	62
78	67
78	68
78	69
78	70
78	71
78	72
78	77
78	82
78	83
78	86
78	90
78	91
78	92
78	94
78	95
78	96
78	99
79	1
79	8
79	9
79	11
79	12
79	13
79	17
79	18
79	21
79	24
79	25
79	27
79	29
79	39
79	40
79	41
79	42
79	45
79	46
79	47
79	49
79	50
79	53
79	57
79	58
79	59
79	61
79	63
79	65
79	66
79	67
79	68
79	69
79	73
79	75
79	76
79	77
79	81
79	82
79	84
79	85
79	88
79	89
79	90
79	94
79	96
80	56
81	0
81	1
81	6
81	8
81	9
81	12
81	13
81	17
81	21
81	24
81	25
81	27
81	29
81	31
81	33
81	37
81	39
81	40
81	41
81	42
81	45
81	47
81	49
81	50
81	53
81	57
81	58
81	59
81	61
81	65
81	67
81	68
81	69
81	73
81	75
81	76
81	77
81	79
81	84
81	85
81	88
81	90
81	94
81	95
81	96
82	0
82	2
82	4
82	5
82	7
82	8
82	9
82	10
82	12
82	14
82	17
82	19
82	20
82	21
82	22
82	25
82	26
82	28
82	30
82	31
82	33
82	34
82	35
82	37
82	38
82	39
82	41
82	42
82	43
82	44
82	45
82	46
82	47
82	48
82	49
82	50
82	51
82	52
82	53
82	54
82	55
82	56
82	57
82	61
82	62
82	63
82	65
82	67
82	68
82	69
82	70
82	72
82	73
82	76
82	77
82	78
82	79
82	83
82	85
82	86
82	90
82	91
82	92
82	95
82	96
82	98
82	99
83	2
83	4
83	5
83	9
83	10
83	14
83	15
83	18
83	20
83	21
83	26
83	30
83	33
83	38
83	39
83	41
83	43
83	44
83	45
83	49
83	50
83	52
83	55
83	56
83	57
83	59
83	61
83	62
83	67
83	71
83	73
83	76
83	78
83	82
83	86
83	90
83	91
83	92
83	99
84	1
84	6
84	8
84	11
84	12
84	13
84	17
84	18
84	21
84	24
84	25
84	27
84	29
84	31
84	33
84	37
84	39
84	40
84	42
84	45
84	46
84	49
84	50
84	53
84	57
84	58
84	59
84	61
84	63
84	65
84	66
84	67
84	69
84	73
84	75
84	76
84	77
84	79
84	81
84	89
84	90
84	94
84	95
84	96
85	0
85	1
85	2
85	4
85	6
85	7
85	8
85	9
85	10
85	11
85	12
85	13
85	14
85	17
85	18
85	21
85	22
85	24
85	25
85	27
85	28
85	29
85	30
85	31
85	33
85	34
85	37
85	38
85	39
85	41
85	42
85	44
85	45
85	46
85	47
85	49
85	50
85	51
85	53
85	55
85	56
85	57
85	58
85	59
85	61
85	62
85	63
85	65
85	66
85	67
85	68
85	69
85	70
85	75
85	76
85	77
85	79
85	81
85	82
85	88
85	89
85	90
85	92
85	94
85	95
85	96
86	1
86	2
86	5
86	7
86	9
86	10
86	14
86	15
86	18
86	20
86	21
86	26
86	30
86	33
86	34
86	38
86	39
86	41
86	43
86	44
86	45
86	49
86	50
86	52
86	55
86	56
86	57
86	62
86	67
86	69
86	71
86	72
86	73
86	76
86	78
86	82
86	83
86	90
86	91
86	92
86	96
86	99
88	1
88	6
88	8
88	9
88	11
88	12
88	13
88	17
88	21
88	24
88	25
88	27
88	29
88	31
88	33
88	37
88	39
88	40
88	41
88	42
88	46
88	47
88	49
88	50
88	53
88	57
88	58
88	59
88	61
88	63
88	65
88	66
88	67
88	68
88	69
88	73
88	75
88	77
88	79
88	81
88	85
88	90
88	94
88	95
89	0
89	1
89	4
89	9
89	10
89	11
89	12
89	13
89	17
89	21
89	24
89	25
89	27
89	31
89	33
89	37
89	39
89	40
89	41
89	42
89	45
89	46
89	47
89	50
89	57
89	58
89	59
89	61
89	63
89	65
89	67
89	68
89	69
89	72
89	73
89	77
89	79
89	84
89	85
89	90
89	93
89	94
89	95
89	96
89	98
90	0
90	1
90	2
90	4
90	5
90	6
90	7
90	8
90	9
90	10
90	11
90	12
90	14
90	15
90	16
90	17
90	18
90	19
90	20
90	21
90	22
90	24
90	25
90	26
90	27
90	28
90	29
90	30
90	31
90	33
90	34
90	35
90	37
90	38
90	39
90	40
90	41
90	42
90	43
90	44
90	45
90	46
90	47
90	48
90	49
90	50
90	52
90	53
90	55
90	56
90	57
90	59
90	61
90	62
90	63
90	66
90	67
90	68
90	69
90	70
90	71
90	72
90	73
90	75
90	76
90	77
90	78
90	79
90	81
90	82
90	83
90	84
90	85
90	86
90	88
90	89
90	91
90	92
90	94
90	95
90	96
90	98
90	99
91	1
91	2
91	4
91	7
91	9
91	10
91	14
91	15
91	16
91	18
91	20
91	21
91	26
91	30
91	33
91	34
91	38
91	39
91	41
91	44
91	45
91	49
91	50
91	52
91	53
91	55
91	56
91	57
91	59
91	61
91	67
91	69
91	72
91	76
91	78
91	82
91	83
91	86
91	90
91	92
92	0
92	1
92	2
92	4
92	5
92	7
92	8
92	10
92	11
92	12
92	14
92	15
92	16
92	17
92	18
92	20
92	21
92	22
92	25
92	26
92	30
92	31
92	33
92	34
92	35
92	37
92	38
92	39
92	41
92	42
92	44
92	45
92	46
92	47
92	49
92	50
92	51
92	53
92	54
92	55
92	56
92	59
92	61
92	62
92	67
92	68
92	69
92	70
92	71
92	72
92	73
92	77
92	78
92	82
92	83
92	85
92	86
92	90
92	91
92	94
92	95
92	96
92	98
92	99
93	4
93	10
93	39
93	72
93	89
93	98
94	0
94	1
94	2
94	4
94	5
94	6
94	7
94	8
94	10
94	11
94	12
94	13
94	14
94	17
94	18
94	19
94	21
94	22
94	24
94	25
94	26
94	27
94	29
94	30
94	31
94	33
94	34
94	35
94	37
94	39
94	40
94	41
94	42
94	44
94	45
94	46
94	47
94	48
94	49
94	50
94	51
94	53
94	54
94	57
94	58
94	59
94	61
94	62
94	63
94	66
94	67
94	68
94	69
94	70
94	73
94	75
94	76
94	77
94	78
94	79
94	81
94	84
94	85
94	88
94	89
94	90
94	92
94	95
94	96
94	98
95	0
95	1
95	2
95	4
95	5
95	7
95	8
95	9
95	10
95	11
95	12
95	13
95	14
95	17
95	18
95	19
95	20
95	21
95	22
95	25
95	26
95	27
95	28
95	29
95	30
95	31
95	33
95	34
95	35
95	37
95	38
95	39
95	41
95	42
95	45
95	47
95	48
95	49
95	50
95	51
95	53
95	54
95	55
95	56
95	57
95	58
95	59
95	61
95	62
95	63
95	65
95	66
95	68
95	69
95	70
95	72
95	73
95	75
95	76
95	78
95	81
95	82
95	84
95	85
95	88
95	89
95	90
95	92
95	94
95	96
95	98
96	0
96	1
96	2
96	4
96	5
96	6
96	7
96	8
96	9
96	10
96	11
96	12
96	13
96	14
96	15
96	16
96	17
96	18
96	20
96	21
96	24
96	25
96	27
96	29
96	30
96	31
96	33
96	34
96	37
96	38
96	39
96	41
96	42
96	43
96	44
96	45
96	46
96	47
96	49
96	50
96	52
96	53
96	56
96	57
96	58
96	59
96	61
96	62
96	63
96	65
96	66
96	67
96	69
96	71
96	72
96	73
96	75
96	76
96	77
96	78
96	79
96	81
96	82
96	84
96	85
96	86
96	89
96	90
96	92
96	94
96	95
96	99
98	0
98	1
98	2
98	4
98	5
98	7
98	8
98	9
98	10
98	12
98	17
98	19
98	21
98	22
98	25
98	26
98	28
98	30
98	31
98	33
98	34
98	35
98	37
98	38
98	39
98	41
98	42
98	44
98	45
98	46
98	47
98	48
98	50
98	53
98	54
98	55
98	56
98	61
98	62
98	63
98	67
98	68
98	70
98	72
98	77
98	82
98	89
98	90
98	92
98	93
98	94
98	95
99	1
99	2
99	4
99	5
99	7
99	9
99	14
99	18
99	20
99	21
99	26
99	30
99	33
99	34
99	38
99	39
99	43
99	44
99	45
99	49
99	50
99	52
99	53
99	55
99	56
99	57
99	61
99	62
99	67
99	69
99	71
99	72
99	73
99	78
99	82
99	83
99	86
99	90
99	92
99	96
