0	2
0	3
0	5
0	6
0	7
0	10
0	13
0	14
0	16
0	17
0	18
0	20
0	21
0	22
0	23
0	24
0	25
0	26
0	27
0	28
0	29
0	30
0	31
0	32
0	33
0	34
0	35
0	36
0	37
0	39
0	40
0	43
0	44
0	46
0	47
0	51
0	52
0	54
0	55
0	56
0	57
0	59
0	60
0	61
0	63
0	65
0	66
0	67
0	68
0	69
0	70
0	71
0	72
0	73
0	74
0	75
0	76
0	80
0	82
0	85
0	86
0	87
0	88
0	90
0	91
0	93
0	95
0	96
0	98
1	2
1	4
1	5
1	7
1	9
1	10
1	11
1	14
1	15
1	18
1	19
1	20
1	21
1	22
1	25
1	26
1	30
1	31
1	33
1	34
1	36
1	38
1	39
1	41
1	43
1	44
1	45
1	49
1	50
1	51
1	52
1	53
1	55
1	56
1	57
1	59
1	61
1	62
1	66
1	67
1	71
1	72
1	73
1	76
1	77
1	78
1	82
1	83
1	84
1	90
1	91
1	92
1	96
1	99
2	0
2	1
2	3
2	4
2	5
2	6
2	7
2	9
2	10
2	12
2	13
2	14
2	15
2	16
2	17
2	18
2	19
2	20
2	21
2	22
2	24
2	25
2	26
2	27
2	28
2	29
2	30
2	31
2	32
2	33
2	34
2	35
2	36
2	37
2	38
2	39
2	41
2	43
2	44
2	45
2	47
2	48
2	49
2	51
2	52
2	53
2	54
2	55
2	56
2	57
2	59
2	60
2	61
2	62
2	63
2	66
2	67
2	68
2	69
2	70
2	71
2	72
2	73
2	74
2	75
2	76
2	77
2	78
2	79
2	80
2	81
2	82
2	84
2	85
2	86
2	88
2	90
2	91
2	92
2	94
2	95
2	96
2	98
2	99
3	0
3	2
3	5
3	7
3	10
3	12
3	13
3	14
3	16
3	17
3	18
3	20
3	21
3	22
3	23
3	24
3	25
3	26
3	27
3	28
3	29
3	30
3	31
3	32
3	33
3	34
3	35
3	36
3	39
3	40
3	43
3	44
3	46
3	47
3	48
3	49
3	50
3	51
3	52
3	54
3	55
3	56
3	57
3	60
3	61
3	63
3	65
3	66
3	67
3	68
3	70
3	71
3	73
3	74
3	75
3	76
3	78
3	79
3	80
3	81
3	82
3	85
3	87
3	88
3	91
3	93
3	94
3	95
3	96
3	97
3	98
3	99
4	1
4	2
4	5
4	9
4	10
4	14
4	15
4	16
4	18
4	20
4	21
4	26
4	30
4	38
4	39
4	41
4	43
4	44
4	45
4	50
4	52
4	53
4	55
4	56
4	57
4	59
4	61
4	67
4	69
4	71
4	72
4	73
4	82
4	83
4	86
4	91
4	92
4	96
4	99
5	0
5	1
5	2
5	3
5	4
5	6
5	7
5	9
5	10
5	12
5	14
5	15
5	16
5	17
5	18
5	20
5	21
5	22
5	24
5	25
5	26
5	27
5	28
5	30
5	31
5	33
5	34
5	35
5	37
5	38
5	39
5	40
5	41
5	43
5	44
5	46
5	48
5	49
5	50
5	51
5	52
5	53
5	54
5	55
5	56
5	57
5	59
5	60
5	61
5	63
5	65
5	66
5	67
5	68
5	69
5	70
5	71
5	72
5	73
5	75
5	76
5	78
5	79
5	81
5	82
5	83
5	85
5	86
5	87
5	88
5	90
5	91
5	92
5	93
5	94
5	95
5	96
5	97
5	98
5	99
6	0
6	2
6	5
6	7
6	13
6	14
6	16
6	17
6	18
6	22
6	23
6	24
6	25
6	26
6	28
6	29
6	30
6	31
6	32
6	33
6	34
6	35
6	36
6	37
6	39
6	40
6	43
6	44
6	46
6	47
6	49
6	50
6	51
6	52
6	54
6	55
6	57
6	59
6	60
6	61
6	63
6	65
6	66
6	67
6	68
6	70
6	71
6	72
6	73
6	74
6	75
6	78
6	80
6	81
6	82
6	85
6	86
6	87
6	90
6	93
6	94
6	95
6	96
6	97
6	98
6	99
7	0
7	1
7	2
7	3
7	5
7	6
7	9
7	10
7	12
7	13
7	14
7	15
7	16
7	17
7	18
7	20
7	21
7	22
7	23
7	24
7	25
7	26
7	27
7	28
7	29
7	30
7	31
7	32
7	33
7	34
7	35
7	36
7	37
7	38
7	39
7	40
7	41
7	43
7	44
7	45
7	46
7	47
7	48
7	49
7	50
7	51
7	52
7	53
7	54
7	55
7	56
7	57
7	59
7	60
7	61
7	62
7	63
7	65
7	66
7	67
7	68
7	69
7	70
7	71
7	72
7	73
7	75
7	76
7	78
7	79
7	80
7	81
7	82
7	83
7	85
7	86
7	87
7	88
7	90
7	91
7	93
7	95
7	96
7	97
7	98
7	99
9	1
9	2
9	4
9	5
9	7
9	10
9	14
9	15
9	16
9	18
9	20
9	21
9	26
9	30
9	34
9	38
9	39
9	41
9	43
9	44
9	45
9	49
9	50
9	52
9	53
9	56
9	57
9	59
9	61
9	62
9	67
9	71
9	72
9	73
9	78
9	82
9	83
9	86
9	90
9	91
9	99
10	0
10	1
10	2
10	3
10	4
10	5
10	7
10	9
10	12
10	13
10	14
10	15
10	16
10	17
10	18
10	20
10	21
10	22
10	23
10	24
10	25
10	26
10	27
10	28
10	29
10	30
10	31
10	32
10	33
10	34
10	35
10	36
10	37
10	38
10	39
10	40
10	41
10	43
10	44
10	45
10	46
10	48
10	49
10	50
10	51
10	52
10	53
10	54
10	55
10	56
10	57
10	59
10	60
10	61
10	62
10	63
10	65
10	66
10	67
10	68
10	69
10	70
10	71
10	72
10	73
10	74
10	75
10	76
10	78
10	79
10	80
10	81
10	82
10	85
10	86
10	87
10	88
10	90
10	91
10	92
10	93
10	94
10	95
10	96
10	97
10	99
11	1
11	21
11	25
11	31
11	36
11	44
11	51
11	52
11	53
11	62
11	66
11	77
11	84
11	88
12	2
12	3
12	5
12	7
12	10
12	14
12	16
12	17
12	18
12	20
12	22
12	23
12	24
12	25
12	26
12	27
12	28
12	29
12	30
12	31
12	33
12	34
12	35
12	36
12	37
12	39
12	40
12	43
12	44
12	46
12	47
12	48
12	49
12	50
12	51
12	54
12	55
12	57
12	59
12	60
12	61
12	63
12	65
12	66
12	67
12	68
12	69
12	70
12	71
12	72
12	73
12	74
12	79
12	80
12	81
12	82
12	85
12	86
12	87
12	88
12	90
12	91
12	93
12	94
12	95
12	96
12	97
12	98
12	99
13	0
13	2
13	3
13	6
13	7
13	10
13	14
13	16
13	17
13	18
13	20
13	21
13	22
13	23
13	25
13	26
13	27
13	28
13	29
13	30
13	31
13	32
13	33
13	35
13	36
13	37
13	39
13	40
13	43
13	44
13	46
13	47
13	48
13	49
13	52
13	54
13	55
13	56
13	59
13	60
13	61
13	63
13	66
13	67
13	68
13	72
13	73
13	74
13	75
13	76
13	78
13	79
13	80
13	85
13	86
13	87
13	88
13	90
13	91
13	93
13	94
13	95
13	96
13	97
13	98
13	99
14	0
14	1
14	2
14	3
14	4
14	5
14	6
14	7
14	9
14	10
14	12
14	13
14	15
14	16
14	17
14	18
14	20
14	21
14	22
14	23
14	24
14	25
14	26
14	27
14	28
14	29
14	30
14	31
14	32
14	33
14	34
14	35
14	36
14	37
14	38
14	39
14	40
14	41
14	43
14	44
14	45
14	46
14	47
14	49
14	50
14	52
14	53
14	54
14	55
14	56
14	57
14	59
14	60
14	61
14	63
14	67
14	68
14	69
14	70
14	71
14	72
14	73
14	75
14	76
14	78
14	79
14	80
14	81
14	82
14	83
14	85
14	86
14	87
14	90
14	91
14	92
14	93
14	94
14	95
14	96
14	97
14	99
15	1
15	2
15	4
15	5
15	7
15	9
15	10
15	14
15	16
15	18
15	20
15	21
15	26
15	30
15	33
15	34
15	38
15	39
15	41
15	43
15	44
15	45
15	49
15	50
15	52
15	53
15	55
15	56
15	57
15	59
15	61
15	62
15	69
15	71
15	72
15	73
15	76
15	78
15	82
15	86
15	90
15	91
15	92
15	96
15	99
16	0
16	2
16	3
16	4
16	5
16	6
16	7
16	9
16	10
16	12
16	13
16	14
16	15
16	17
16	18
16	20
16	21
16	23
16	25
16	26
16	27
16	28
16	29
16	30
16	31
16	32
16	33
16	34
16	35
16	36
16	37
16	38
16	39
16	40
16	43
16	44
16	45
16	46
16	47
16	48
16	49
16	50
16	52
16	53
16	54
16	55
16	56
16	59
16	60
16	61
16	62
16	63
16	65
16	67
16	68
16	69
16	70
16	71
16	72
16	73
16	74
16	76
16	78
16	79
16	80
16	81
16	82
16	83
16	85
16	86
16	88
16	90
16	91
16	92
16	93
16	94
16	95
16	96
16	97
16	98
16	99
17	0
17	2
17	3
17	5
17	6
17	7
17	10
17	12
17	13
17	14
17	16
17	18
17	20
17	22
17	23
17	24
17	25
17	26
17	28
17	31
17	32
17	33
17	34
17	36
17	37
17	39
17	40
17	43
17	44
17	46
17	47
17	48
17	49
17	50
17	51
17	52
17	55
17	56
17	57
17	59
17	60
17	61
17	63
17	65
17	66
17	67
17	68
17	69
17	70
17	71
17	72
17	73
17	76
17	78
17	79
17	80
17	81
17	82
17	85
17	86
17	88
17	90
17	91
17	93
17	94
17	95
17	96
17	97
17	98
17	99
18	0
18	1
18	2
18	3
18	4
18	5
18	6
18	7
18	9
18	10
18	12
18	13
18	14
18	15
18	16
18	17
18	20
18	21
18	23
18	24
18	25
18	26
18	27
18	28
18	29
18	30
18	31
18	32
18	33
18	34
18	35
18	36
18	37
18	38
18	39
18	40
18	41
18	43
18	44
18	45
18	46
18	48
18	49
18	50
18	51
18	52
18	53
18	54
18	55
18	56
18	57
18	59
18	60
18	61
18	62
18	63
18	65
18	66
18	67
18	68
18	69
18	70
18	71
18	72
18	73
18	74
18	75
18	76
18	78
18	79
18	81
18	82
18	83
18	85
18	86
18	87
18	88
18	90
18	91
18	92
18	93
18	94
18	95
18	96
18	98
18	99
19	1
19	2
19	21
19	22
19	25
19	36
19	44
19	51
19	52
19	53
19	62
19	66
19	77
19	84
19	88
20	0
20	1
20	2
20	3
20	4
20	5
20	7
20	9
20	10
20	12
20	13
20	14
20	15
20	16
20	17
20	18
20	21
20	22
20	23
20	24
20	25
20	26
20	27
20	28
20	29
20	30
20	31
20	33
20	34
20	36
20	37
20	39
20	40
20	41
20	43
20	44
20	45
20	46
20	47
20	48
20	49
20	50
20	51
20	52
20	53
20	54
20	55
20	56
20	57
20	59
20	60
20	61
20	63
20	65
20	66
20	67
20	68
20	69
20	70
20	71
20	72
20	74
20	75
20	76
20	78
20	79
20	80
20	81
20	82
20	83
20	85
20	86
20	87
20	90
20	91
20	92
20	93
20	94
20	95
20	96
20	97
20	98
20	99
21	0
21	1
21	2
21	3
21	4
21	5
21	7
21	9
21	10
21	11
21	13
21	14
21	15
21	16
21	18
21	19
21	20
21	22
21	23
21	24
21	25
21	26
21	28
21	29
21	30
21	31
21	32
21	33
21	34
21	35
21	36
21	38
21	39
21	40
21	43
21	44
21	45
21	46
21	47
21	48
21	49
21	50
21	51
21	52
21	53
21	54
21	55
21	56
21	57
21	59
21	60
21	61
21	62
21	63
21	65
21	66
21	67
21	68
21	69
21	70
21	71
21	72
21	73
21	75
21	76
21	77
21	78
21	79
21	80
21	81
21	82
21	83
21	84
21	85
21	86
21	88
21	90
21	91
21	92
21	93
21	94
21	95
21	96
21	97
21	99
22	0
22	1
22	2
22	3
22	5
22	6
22	7
22	10
22	12
22	13
22	14
22	17
22	19
22	20
22	21
22	23
22	24
22	25
22	26
22	27
22	28
22	29
22	30
22	31
22	32
22	33
22	34
22	35
22	36
22	37
22	39
22	43
22	44
22	46
22	47
22	48
22	49
22	50
22	51
22	52
22	53
22	54
22	55
22	56
22	57
22	59
22	60
22	61
22	62
22	63
22	65
22	66
22	67
22	68
22	69
22	71
22	72
22	73
22	75
22	76
22	78
22	79
22	80
22	81
22	82
22	84
22	85
22	86
22	87
22	88
22	90
22	91
22	94
22	95
22	96
22	97
22	98
22	99
23	0
23	3
23	6
23	7
23	10
23	12
23	13
23	14
23	16
23	17
23	18
23	20
23	21
23	22
23	24
23	25
23	26
23	27
23	29
23	31
23	32
23	33
23	34
23	35
23	36
23	37
23	39
23	40
23	43
23	44
23	46
23	47
23	48
23	49
23	50
23	51
23	52
23	54
23	55
23	56
23	57
23	59
23	60
23	61
23	63
23	65
23	66
23	67
23	68
23	71
23	72
23	73
23	74
23	75
23	76
23	78
23	79
23	80
23	81
23	82
23	85
23	86
23	87
23	88
23	90
23	91
23	93
23	95
23	96
23	97
23	98
24	0
24	2
24	3
24	5
24	6
24	7
24	10
24	12
24	14
24	17
24	18
24	20
24	21
24	22
24	23
24	25
24	26
24	27
24	28
24	29
24	30
24	31
24	32
24	33
24	34
24	37
24	39
24	40
24	43
24	44
24	46
24	47
24	49
24	50
24	51
24	52
24	54
24	55
24	56
24	59
24	60
24	61
24	63
24	65
24	67
24	68
24	69
24	70
24	71
24	72
24	73
24	74
24	75
24	76
24	79
24	80
24	81
24	82
24	85
24	86
24	87
24	88
24	90
24	91
24	93
24	94
24	95
24	96
24	97
24	98
24	99
25	0
25	1
25	2
25	3
25	5
25	6
25	7
25	10
25	11
25	12
25	13
25	14
25	16
25	17
25	18
25	19
25	20
25	21
25	22
25	23
25	24
25	26
25	27
25	28
25	29
25	30
25	31
25	32
25	33
25	34
25	36
25	37
25	39
25	40
25	43
25	44
25	46
25	47
25	48
25	49
25	51
25	52
25	53
25	54
25	55
25	56
25	57
25	59
25	60
25	61
25	62
25	63
25	65
25	66
25	67
25	69
25	70
25	71
25	72
25	73
25	74
25	75
25	76
25	77
25	78
25	79
25	80
25	81
25	82
25	87
25	88
25	90
25	93
25	94
25	95
25	96
25	97
25	98
25	99
26	0
26	1
26	2
26	3
26	4
26	5
26	6
26	7
26	9
26	10
26	12
26	13
26	14
26	15
26	16
26	17
26	18
26	20
26	21
26	22
26	23
26	24
26	25
26	27
26	28
26	29
26	30
26	31
26	32
26	33
26	34
26	35
26	36
26	37
26	38
26	39
26	40
26	41
26	43
26	44
26	46
26	47
26	48
26	49
26	50
26	52
26	53
26	54
26	55
26	56
26	57
26	59
26	60
26	61
26	62
26	63
26	65
26	67
26	68
26	69
26	70
26	71
26	72
26	73
26	74
26	76
26	78
26	80
26	81
26	82
26	83
26	85
26	86
26	87
26	88
26	90
26	91
26	92
26	93
26	94
26	95
26	96
26	97
26	98
26	99
27	0
27	2
27	3
27	5
27	7
27	10
27	12
27	13
27	14
27	16
27	18
27	20
27	22
27	23
27	24
27	25
27	26
27	28
27	30
27	31
27	32
27	33
27	34
27	35
27	36
27	39
27	40
27	43
27	44
27	46
27	47
27	48
27	49
27	50
27	51
27	52
27	54
27	55
27	56
27	57
27	59
27	60
27	61
27	63
27	65
27	66
27	67
27	68
27	69
27	70
27	71
27	72
27	73
27	74
27	76
27	78
27	79
27	80
27	81
27	82
27	85
27	86
27	88
27	90
27	91
27	93
27	94
27	95
27	97
27	98
27	99
28	0
28	2
28	3
28	5
28	6
28	7
28	10
28	12
28	13
28	14
28	16
28	17
28	18
28	20
28	21
28	22
28	24
28	25
28	26
28	27
28	29
28	30
28	31
28	32
28	33
28	34
28	35
28	36
28	37
28	40
28	43
28	44
28	46
28	47
28	48
28	49
28	50
28	51
28	52
28	54
28	55
28	56
28	57
28	59
28	60
28	61
28	65
28	66
28	67
28	68
28	69
28	70
28	71
28	73
28	75
28	79
28	81
28	82
28	85
28	86
28	87
28	88
28	90
28	91
28	93
28	94
28	96
28	98
29	0
29	2
29	3
29	6
29	7
29	10
29	12
29	13
29	14
29	16
29	18
29	20
29	21
29	22
29	23
29	24
29	25
29	26
29	28
29	30
29	31
29	32
29	33
29	34
29	35
29	36
29	37
29	39
29	40
29	43
29	47
29	48
29	49
29	51
29	52
29	54
29	55
29	56
29	60
29	63
29	65
29	66
29	67
29	68
29	69
29	70
29	71
29	72
29	73
29	74
29	75
29	76
29	78
29	79
29	80
29	81
29	82
29	85
29	86
29	87
29	88
29	93
29	94
29	96
29	97
29	98
29	99
30	0
30	1
30	2
30	3
30	4
30	5
30	6
30	7
30	9
30	10
30	12
30	13
30	14
30	15
30	16
30	18
30	20
30	21
30	22
30	24
30	25
30	26
30	27
30	28
30	29
30	31
30	32
30	33
30	34
30	35
30	36
30	37
30	38
30	39
30	40
30	41
30	43
30	44
30	45
30	46
30	47
30	48
30	49
30	50
30	51
30	52
30	53
30	54
30	55
30	56
30	57
30	59
30	62
30	63
30	65
30	66
30	67
30	69
30	70
30	71
30	72
30	73
30	74
30	75
30	76
30	78
30	80
30	81
30	82
30	83
30	85
30	86
30	87
30	90
30	91
30	92
30	93
30	95
30	96
30	97
30	98
30	99
31	0
31	1
31	2
31	3
31	5
31	6
31	7
31	10
31	11
31	12
31	13
31	14
31	16
31	17
31	18
31	20
31	21
31	22
31	23
31	24
31	25
31	26
31	27
31	28
31	29
31	30
31	32
31	33
31	34
31	35
31	36
31	37
31	39
31	40
31	43
31	44
31	46
31	47
31	49
31	50
31	51
31	52
31	53
31	55
31	56
31	59
31	60
31	61
31	62
31	63
31	66
31	67
31	68
31	70
31	71
31	72
31	73
31	74
31	75
31	76
31	77
31	78
31	79
31	80
31	81
31	82
31	84
31	85
31	87
31	88
31	90
31	91
31	93
31	95
31	97
31	98
31	99
32	0
32	2
32	3
32	6
32	7
32	10
32	13
32	14
32	16
32	17
32	18
32	21
32	22
32	23
32	24
32	25
32	26
32	27
32	28
32	29
32	30
32	31
32	33
32	34
32	35
32	36
32	37
32	39
32	40
32	43
32	44
32	46
32	47
32	48
32	49
32	50
32	52
32	54
32	57
32	59
32	60
32	61
32	63
32	65
32	66
32	67
32	70
32	71
32	72
32	73
32	74
32	75
32	76
32	78
32	79
32	80
32	81
32	82
32	85
32	86
32	87
32	88
32	90
32	93
32	94
32	96
32	97
32	98
32	99
33	0
33	1
33	2
33	3
33	5
33	6
33	7
33	10
33	12
33	13
33	14
33	15
33	16
33	17
33	18
33	20
33	21
33	22
33	23
33	24
33	25
33	26
33	27
33	28
33	29
33	30
33	31
33	32
33	34
33	35
33	36
33	37
33	38
33	39
33	40
33	41
33	43
33	44
33	45
33	46
33	47
33	48
33	49
33	50
33	51
33	52
33	53
33	54
33	55
33	56
33	57
33	59
33	60
33	61
33	62
33	63
33	65
33	66
33	67
33	68
33	69
33	70
33	71
33	72
33	73
33	74
33	75
33	76
33	78
33	79
33	80
33	81
33	82
33	83
33	85
33	86
33	87
33	90
33	91
33	92
33	93
33	94
33	95
33	96
33	97
33	98
33	99
34	0
34	1
34	2
34	3
34	5
34	6
34	7
34	9
34	10
34	12
34	14
34	15
34	16
34	17
34	18
34	20
34	21
34	22
34	23
34	24
34	25
34	26
34	27
34	28
34	29
34	30
34	31
34	32
34	33
34	35
34	37
34	38
34	39
34	40
34	41
34	43
34	44
34	45
34	47
34	48
34	49
34	50
34	51
34	52
34	53
34	54
34	55
34	56
34	57
34	60
34	61
34	62
34	65
34	66
34	67
34	68
34	69
34	70
34	71
34	72
34	73
34	74
34	75
34	76
34	78
34	79
34	80
34	82
34	83
34	85
34	86
34	87
34	90
34	91
34	92
34	93
34	95
34	96
34	99
35	0
35	2
35	3
35	5
35	6
35	7
35	10
35	12
35	13
35	14
35	16
35	18
35	21
35	22
35	23
35	26
35	27
35	28
35	29
35	30
35	31
35	32
35	33
35	34
35	36
35	37
35	39
35	43
35	44
35	46
35	47
35	48
35	49
35	50
35	51
35	52
35	54
35	55
35	56
35	57
35	59
35	60
35	63
35	65
35	66
35	67
35	68
35	69
35	70
35	71
35	73
35	75
35	76
35	79
35	80
35	81
35	85
35	86
35	87
35	91
35	93
35	94
35	95
35	96
35	97
35	98
35	99
36	0
36	1
36	2
36	3
36	6
36	7
36	10
36	11
36	12
36	13
36	14
36	16
36	17
36	18
36	19
36	20
36	21
36	22
36	23
36	25
36	26
36	27
36	28
36	29
36	30
36	31
36	32
36	33
36	35
36	37
36	39
36	40
36	43
36	44
36	48
36	49
36	50
36	51
36	52
36	53
36	54
36	55
36	56
36	59
36	60
36	61
36	62
36	63
36	65
36	66
36	67
36	68
36	69
36	70
36	71
36	72
36	73
36	74
36	75
36	76
36	78
36	79
36	80
36	81
36	82
36	84
36	85
36	86
36	87
36	88
36	90
36	91
36	95
36	96
36	97
36	98
36	99
37	0
37	2
37	5
37	6
37	7
37	10
37	12
37	13
37	14
37	16
37	17
37	18
37	20
37	22
37	23
37	24
37	25
37	26
37	28
37	29
37	30
37	31
37	32
37	33
37	34
37	35
37	36
37	39
37	43
37	44
37	46
37	47
37	48
37	49
37	50
37	51
37	52
37	54
37	56
37	57
37	59
37	60
37	61
37	63
37	65
37	66
37	67
37	70
37	71
37	72
37	73
37	74
37	75
37	76
37	78
37	79
37	80
37	81
37	82
37	86
37	87
37	88
37	90
37	93
37	94
37	95
37	96
37	97
37	98
37	99
38	1
38	2
38	4
38	5
38	7
38	9
38	10
38	14
38	15
38	16
38	18
38	21
38	26
38	30
38	33
38	34
38	39
38	44
38	45
38	49
38	52
38	53
38	55
38	57
38	59
38	61
38	62
38	67
38	69
38	71
38	72
38	73
38	76
38	78
38	82
38	83
38	86
38	90
38	91
38	92
38	96
38	99
39	0
39	1
39	2
39	3
39	4
39	5
39	6
39	7
39	9
39	10
39	12
39	13
39	14
39	15
39	16
39	17
39	18
39	20
39	21
39	22
39	23
39	24
39	25
39	26
39	27
39	29
39	30
39	31
39	32
39	33
39	34
39	35
39	36
39	37
39	38
39	41
39	43
39	44
39	45
39	46
39	47
39	48
39	49
39	50
39	51
39	52
39	55
39	56
39	57
39	59
39	60
39	61
39	62
39	63
39	65
39	66
39	67
39	68
39	69
39	70
39	71
39	72
39	73
39	74
39	76
39	78
39	79
39	80
39	81
39	82
39	85
39	86
39	87
39	90
39	91
39	92
39	93
39	94
39	95
39	96
39	97
39	99
40	0
40	3
40	5
40	6
40	7
40	10
40	12
40	13
40	14
40	16
40	17
40	18
40	20
40	21
40	23
40	24
40	25
40	26
40	27
40	28
40	29
40	30
40	31
40	32
40	33
40	34
40	36
40	43
40	46
40	47
40	48
40	49
40	50
40	51
40	52
40	55
40	56
40	57
40	59
40	60
40	61
40	65
40	66
40	67
40	68
40	69
40	70
40	71
40	72
40	74
40	75
40	78
40	79
40	80
40	81
40	82
40	85
40	86
40	88
40	90
40	91
40	92
40	94
40	95
40	96
40	97
40	98
40	99
41	1
41	2
41	4
41	5
41	7
41	9
41	10
41	14
41	15
41	18
41	20
41	26
41	30
41	33
41	34
41	39
41	43
41	44
41	45
41	49
41	50
41	52
41	53
41	55
41	56
41	57
41	59
41	61
41	62
41	67
41	69
41	71
41	72
41	73
41	76
41	78
41	82
41	83
41	86
41	90
41	92
41	96
43	0
43	1
43	2
43	3
43	4
43	5
43	6
43	7
43	9
43	10
43	12
43	13
43	14
43	15
43	16
43	17
43	18
43	20
43	21
43	22
43	23
43	24
43	25
43	26
43	27
43	28
43	29
43	30
43	31
43	32
43	33
43	34
43	35
43	36
43	37
43	39
43	40
43	41
43	44
43	45
43	46
43	47
43	48
43	49
43	50
43	51
43	52
43	53
43	54
43	55
43	56
43	57
43	59
43	60
43	61
43	62
43	63
43	65
43	66
43	67
43	68
43	69
43	71
43	72
43	73
43	74
43	75
43	76
43	79
43	80
43	81
43	82
43	85
43	86
43	87
43	90
43	91
43	92
43	93
43	94
43	95
43	96
43	97
43	98
43	99
44	0
44	1
44	2
44	3
44	4
44	5
44	6
44	7
44	9
44	10
44	11
44	12
44	13
44	14
44	15
44	16
44	17
44	18
44	19
44	20
44	21
44	22
44	23
44	24
44	25
44	26
44	27
44	28
44	30
44	31
44	32
44	33
44	34
44	35
44	36
44	37
44	38
44	39
44	41
44	43
44	45
44	46
44	47
44	48
44	49
44	50
44	51
44	52
44	53
44	54
44	55
44	56
44	59
44	60
44	61
44	62
44	63
44	66
44	67
44	68
44	69
44	73
44	74
44	75
44	76
44	77
44	78
44	79
44	80
44	81
44	82
44	83
44	84
44	85
44	86
44	87
44	88
44	90
44	91
44	92
44	93
44	94
44	95
44	96
44	97
44	98
44	99
45	1
45	2
45	4
45	7
45	9
45	10
45	14
45	15
45	16
45	18
45	20
45	21
45	30
45	33
45	34
45	38
45	39
45	41
45	43
45	44
45	49
45	50
45	53
45	55
45	56
45	57
45	59
45	61
45	62
45	67
45	69
45	71
45	72
45	73
45	76
45	78
45	82
45	83
45	86
45	90
45	91
45	92
45	96
45	99
46	0
46	3
46	5
46	6
46	7
46	10
46	12
46	13
46	14
46	16
46	17
46	18
46	20
46	21
46	22
46	23
46	24
46	25
46	26
46	27
46	28
46	30
46	31
46	32
46	33
46	35
46	37
46	39
46	40
46	43
46	44
46	47
46	48
46	49
46	50
46	51
46	52
46	54
46	55
46	56
46	57
46	59
46	61
46	63
46	65
46	66
46	67
46	68
46	70
46	71
46	72
46	74
46	75
46	76
46	78
46	79
46	80
46	81
46	82
46	85
46	86
46	87
46	88
46	91
46	93
46	94
46	95
46	96
46	97
46	98
46	99
47	0
47	2
47	3
47	6
47	7
47	12
47	13
47	14
47	16
47	17
47	20
47	21
47	22
47	23
47	24
47	25
47	26
47	27
47	28
47	29
47	30
47	31
47	32
47	33
47	34
47	35
47	37
47	39
47	40
47	43
47	44
47	46
47	49
47	50
47	51
47	52
47	54
47	55
47	57
47	59
47	60
47	63
47	65
47	66
47	67
47	68
47	69
47	70
47	71
47	72
47	74
47	75
47	76
47	78
47	79
47	80
47	81
47	82
47	85
47	86
47	87
47	88
47	90
47	93
47	94
47	95
47	96
47	97
47	98
47	99
48	2
48	3
48	5
48	7
48	10
48	12
48	13
48	16
48	17
48	18
48	20
48	21
48	22
48	23
48	25
48	26
48	27
48	28
48	29
48	30
48	32
48	33
48	34
48	35
48	36
48	37
48	39
48	40
48	43
48	44
48	46
48	49
48	50
48	51
48	52
48	54
48	55
48	56
48	57
48	59
48	60
48	61
48	66
48	67
48	68
48	69
48	71
48	72
48	73
48	74
48	75
48	76
48	78
48	79
48	80
48	81
48	82
48	85
48	87
48	88
48	90
48	91
48	94
48	95
48	96
48	97
48	98
48	99
49	1
49	2
49	3
49	5
49	6
49	7
49	9
49	10
49	12
49	13
49	14
49	15
49	16
49	17
49	18
49	20
49	21
49	22
49	23
49	24
49	25
49	26
49	27
49	28
49	29
49	30
49	31
49	32
49	33
49	34
49	35
49	36
49	37
49	38
49	39
49	40
49	41
49	43
49	44
49	45
49	46
49	47
49	48
49	50
49	51
49	52
49	53
49	55
49	56
49	57
49	59
49	60
49	61
49	62
49	63
49	65
49	66
49	67
49	68
49	69
49	70
49	71
49	72
49	73
49	74
49	75
49	76
49	78
49	79
49	80
49	81
49	82
49	83
49	86
49	87
49	88
49	90
49	91
49	92
49	93
49	94
49	95
49	96
49	97
49	98
49	99
50	1
50	3
50	4
50	5
50	6
50	7
50	9
50	10
50	12
50	14
50	15
50	16
50	17
50	18
50	20
50	21
50	22
50	23
50	24
50	26
50	27
50	28
50	30
50	31
50	32
50	33
50	34
50	35
50	36
50	37
50	39
50	40
50	41
50	43
50	44
50	45
50	46
50	47
50	48
50	49
50	51
50	52
50	53
50	54
50	55
50	56
50	57
50	60
50	61
50	62
50	63
50	65
50	67
50	69
50	70
50	71
50	72
50	73
50	74
50	75
50	76
50	78
50	79
50	81
50	82
50	83
50	85
50	86
50	90
50	91
50	92
50	93
50	94
50	95
50	96
50	97
50	98
50	99
51	0
51	1
51	2
51	3
51	5
51	6
51	7
51	10
51	11
51	12
51	17
51	18
51	19
51	20
51	21
51	22
51	23
51	24
51	25
51	27
51	28
51	29
51	30
51	31
51	33
51	34
51	35
51	36
51	37
51	39
51	40
51	43
51	44
51	46
51	47
51	48
51	49
51	50
51	52
51	54
51	56
51	57
51	59
51	60
51	61
51	62
51	63
51	65
51	66
51	67
51	68
51	70
51	71
51	72
51	73
51	74
51	75
51	76
51	77
51	78
51	79
51	80
51	81
51	82
51	84
51	85
51	86
51	87
51	88
51	90
51	91
51	93
51	94
51	95
51	96
51	98
51	99
52	0
52	1
52	2
52	3
52	4
52	5
52	6
52	7
52	9
52	10
52	11
52	13
52	14
52	15
52	16
52	17
52	18
52	19
52	20
52	21
52	22
52	23
52	24
52	25
52	26
52	27
52	28
52	29
52	30
52	31
52	32
52	33
52	34
52	35
52	36
52	37
52	38
52	39
52	40
52	41
52	43
52	44
52	46
52	47
52	48
52	49
52	50
52	51
52	53
52	54
52	55
52	56
52	57
52	59
52	60
52	61
52	62
52	63
52	65
52	66
52	67
52	68
52	69
52	70
52	71
52	72
52	73
52	74
52	75
52	76
52	77
52	78
52	79
52	80
52	81
52	82
52	83
52	84
52	85
52	86
52	87
52	88
52	90
52	91
52	92
52	93
52	94
52	95
52	96
52	97
52	98
52	99
53	1
53	2
53	4
53	5
53	7
53	9
53	10
53	11
53	14
53	15
53	16
53	18
53	19
53	20
53	21
53	22
53	25
53	26
53	30
53	31
53	33
53	34
53	36
53	38
53	41
53	43
53	44
53	45
53	49
53	50
53	52
53	55
53	56
53	57
53	59
53	61
53	62
53	66
53	67
53	69
53	71
53	72
53	73
53	76
53	77
53	78
53	79
53	82
53	84
53	86
53	88
53	90
53	91
53	96
53	99
54	0
54	2
54	3
54	5
54	6
54	7
54	10
54	12
54	13
54	14
54	16
54	18
54	20
54	21
54	22
54	23
54	24
54	25
54	26
54	27
54	28
54	29
54	30
54	32
54	33
54	34
54	35
54	36
54	37
54	43
54	44
54	46
54	47
54	48
54	50
54	51
54	52
54	55
54	57
54	59
54	60
54	61
54	63
54	65
54	66
54	69
54	70
54	71
54	72
54	75
54	76
54	78
54	79
54	81
54	85
54	86
54	87
54	88
54	90
54	91
54	93
54	95
54	96
54	98
54	99
55	0
55	1
55	2
55	3
55	4
55	5
55	6
55	7
55	10
55	12
55	13
55	14
55	15
55	16
55	17
55	18
55	20
55	21
55	22
55	23
55	24
55	25
55	26
55	27
55	28
55	29
55	30
55	31
55	33
55	34
55	35
55	36
55	38
55	39
55	40
55	41
55	43
55	44
55	45
55	46
55	47
55	48
55	49
55	50
55	52
55	53
55	54
55	56
55	57
55	59
55	60
55	61
55	62
55	63
55	65
55	67
55	68
55	69
55	70
55	71
55	72
55	73
55	75
55	76
55	78
55	79
55	80
55	81
55	82
55	83
55	85
55	86
55	87
55	88
55	90
55	91
55	92
55	93
55	95
55	96
55	97
55	99
56	0
56	1
56	2
56	3
56	4
56	5
56	7
56	9
56	10
56	13
56	14
56	15
56	16
56	17
56	18
56	20
56	21
56	22
56	23
56	24
56	25
56	26
56	27
56	28
56	29
56	30
56	31
56	33
56	34
56	35
56	36
56	37
56	39
56	40
56	41
56	43
56	44
56	45
56	46
56	48
56	49
56	50
56	51
56	52
56	53
56	55
56	57
56	59
56	60
56	61
56	62
56	63
56	65
56	66
56	67
56	68
56	69
56	70
56	71
56	72
56	73
56	74
56	75
56	76
56	78
56	79
56	80
56	81
56	82
56	83
56	86
56	87
56	90
56	91
56	92
56	93
56	94
56	95
56	96
56	97
56	98
56	99
57	0
57	1
57	2
57	3
57	4
57	5
57	6
57	7
57	9
57	10
57	12
57	14
57	15
57	17
57	18
57	20
57	21
57	22
57	23
57	25
57	26
57	27
57	28
57	30
57	32
57	33
57	34
57	35
57	37
57	38
57	39
57	40
57	41
57	43
57	45
57	46
57	47
57	48
57	49
57	50
57	51
57	52
57	53
57	54
57	55
57	56
57	59
57	60
57	61
57	63
57	65
57	66
57	67
57	68
57	69
57	70
57	71
57	72
57	73
57	74
57	75
57	76
57	78
57	79
57	80
57	81
57	82
57	83
57	85
57	86
57	87
57	88
57	90
57	91
57	92
57	93
57	94
57	95
57	96
57	97
57	98
57	99
59	0
59	1
59	2
59	4
59	5
59	6
59	7
59	9
59	10
59	12
59	13
59	14
59	15
59	16
59	17
59	18
59	20
59	21
59	22
59	23
59	24
59	25
59	26
59	27
59	28
59	30
59	31
59	32
59	33
59	35
59	36
59	37
59	38
59	39
59	40
59	41
59	43
59	44
59	45
59	46
59	47
59	48
59	49
59	51
59	52
59	53
59	54
59	55
59	56
59	57
59	60
59	61
59	62
59	63
59	65
59	66
59	67
59	68
59	69
59	70
59	71
59	72
59	73
59	74
59	75
59	76
59	78
59	80
59	81
59	82
59	83
59	85
59	86
59	90
59	92
59	93
59	94
59	95
59	96
59	97
59	98
59	99
60	0
60	2
60	3
60	5
60	6
60	7
60	10
60	12
60	13
60	14
60	16
60	17
60	18
60	20
60	21
60	22
60	23
60	24
60	25
60	26
60	27
60	28
60	29
60	31
60	32
60	33
60	34
60	35
60	36
60	37
60	39
60	40
60	43
60	44
60	47
60	48
60	49
60	50
60	51
60	52
60	54
60	55
60	56
60	57
60	59
60	61
60	63
60	65
60	68
60	69
60	70
60	71
60	72
60	73
60	75
60	76
60	78
60	79
60	81
60	82
60	85
60	86
60	87
60	90
60	91
60	93
60	94
60	95
60	96
60	97
60	98
60	99
61	0
61	1
61	2
61	3
61	4
61	5
61	6
61	7
61	9
61	10
61	12
61	13
61	14
61	15
61	16
61	17
61	18
61	20
61	21
61	22
61	23
61	24
61	25
61	26
61	27
61	28
61	31
61	32
61	33
61	34
61	36
61	37
61	38
61	39
61	40
61	41
61	43
61	44
61	45
61	46
61	48
61	49
61	50
61	51
61	52
61	53
61	54
61	55
61	56
61	57
61	59
61	60
61	62
61	63
61	65
61	66
61	67
61	68
61	69
61	70
61	71
61	72
61	73
61	74
61	75
61	76
61	78
61	79
61	80
61	81
61	82
61	83
61	85
61	86
61	87
61	88
61	90
61	91
61	92
61	93
61	94
61	95
61	96
61	97
61	98
61	99
62	1
62	2
62	7
62	9
62	10
62	11
62	15
62	16
62	18
62	19
62	21
62	22
62	25
62	26
62	30
62	31
62	33
62	34
62	36
62	38
62	39
62	41
62	43
62	44
62	45
62	49
62	50
62	51
62	52
62	53
62	55
62	56
62	59
62	61
62	66
62	67
62	69
62	71
62	72
62	73
62	76
62	77
62	79
62	83
62	84
62	86
62	88
62	90
62	92
62	96
62	99
63	0
63	2
63	3
63	5
63	6
63	7
63	10
63	12
63	13
63	14
63	16
63	17
63	18
63	20
63	21
63	22
63	23
63	24
63	25
63	26
63	27
63	29
63	30
63	31
63	32
63	33
63	35
63	36
63	37
63	39
63	43
63	44
63	46
63	47
63	49
63	50
63	51
63	52
63	54
63	55
63	56
63	57
63	59
63	60
63	61
63	65
63	66
63	68
63	70
63	71
63	72
63	73
63	74
63	75
63	76
63	78
63	79
63	80
63	81
63	82
63	85
63	86
63	88
63	91
63	94
63	95
63	96
63	97
63	98
63	99
65	0
65	3
65	5
65	6
65	7
65	10
65	12
65	16
65	17
65	18
65	20
65	21
65	22
65	23
65	24
65	25
65	26
65	27
65	28
65	29
65	30
65	32
65	33
65	34
65	35
65	36
65	37
65	39
65	40
65	43
65	46
65	47
65	49
65	50
65	51
65	52
65	54
65	55
65	56
65	57
65	59
65	60
65	61
65	63
65	67
65	68
65	69
65	70
65	71
65	72
65	73
65	74
65	75
65	76
65	78
65	79
65	80
65	81
65	82
65	85
65	86
65	87
65	88
65	90
65	91
65	94
65	95
65	96
65	97
65	98
65	99
66	0
66	1
66	2
66	3
66	5
66	6
66	7
66	10
66	11
66	12
66	13
66	17
66	18
66	19
66	20
66	21
66	22
66	23
66	25
66	27
66	28
66	29
66	30
66	31
66	32
66	33
66	34
66	35
66	36
66	37
66	39
66	40
66	43
66	44
66	46
66	47
66	48
66	49
66	51
66	52
66	53
66	54
66	56
66	57
66	59
66	61
66	62
66	63
66	68
66	69
66	70
66	71
66	72
66	73
66	74
66	75
66	76
66	77
66	79
66	80
66	81
66	82
66	85
66	86
66	87
66	88
66	90
66	91
66	93
66	94
66	95
66	97
66	99
67	0
67	1
67	2
67	3
67	4
67	5
67	6
67	7
67	9
67	10
67	12
67	13
67	14
67	16
67	17
67	18
67	20
67	21
67	22
67	23
67	24
67	25
67	26
67	27
67	28
67	29
67	30
67	31
67	32
67	33
67	34
67	35
67	36
67	37
67	38
67	39
67	40
67	41
67	43
67	44
67	45
67	46
67	47
67	48
67	49
67	50
67	51
67	52
67	53
67	55
67	56
67	57
67	59
67	61
67	62
67	65
67	69
67	70
67	71
67	72
67	73
67	74
67	75
67	76
67	78
67	79
67	80
67	82
67	83
67	85
67	86
67	87
67	88
67	90
67	91
67	92
67	93
67	94
67	95
67	96
67	97
67	98
67	99
68	0
68	2
68	3
68	5
68	6
68	7
68	10
68	12
68	13
68	14
68	16
68	17
68	18
68	20
68	21
68	22
68	23
68	24
68	26
68	27
68	28
68	29
68	31
68	33
68	34
68	35
68	36
68	39
68	40
68	43
68	44
68	46
68	47
68	48
68	49
68	51
68	52
68	55
68	56
68	57
68	59
68	60
68	61
68	63
68	65
68	66
68	69
68	70
68	72
68	73
68	74
68	75
68	78
68	80
68	81
68	82
68	85
68	86
68	87
68	88
68	90
68	91
68	94
68	96
68	97
68	98
68	99
69	0
69	2
69	4
69	5
69	7
69	10
69	12
69	14
69	15
69	16
69	17
69	18
69	20
69	21
69	22
69	24
69	25
69	26
69	27
69	28
69	29
69	30
69	33
69	34
69	35
69	36
69	38
69	39
69	40
69	41
69	43
69	44
69	45
69	47
69	48
69	49
69	50
69	52
69	53
69	54
69	55
69	56
69	57
69	59
69	60
69	61
69	62
69	65
69	66
69	67
69	68
69	70
69	71
69	72
69	73
69	74
69	75
69	76
69	78
69	79
69	80
69	82
69	83
69	85
69	86
69	87
69	88
69	90
69	91
69	92
69	93
69	94
69	95
69	96
69	97
69	98
69	99
70	0
70	2
70	3
70	5
70	6
70	7
70	10
70	12
70	14
70	16
70	17
70	18
70	20
70	21
70	24
70	25
70	26
70	27
70	28
70	29
70	30
70	31
70	32
70	33
70	34
70	35
70	36
70	37
70	39
70	40
70	46
70	47
70	49
70	50
70	51
70	52
70	54
70	55
70	56
70	57
70	59
70	60
70	61
70	63
70	65
70	66
70	67
70	68
70	69
70	71
70	72
70	73
70	74
70	75
70	78
70	80
70	81
70	82
70	85
70	86
70	87
70	88
70	90
70	91
70	93
70	94
70	96
70	98
70	99
71	0
71	1
71	2
71	3
71	4
71	5
71	6
71	7
71	9
71	10
71	12
71	14
71	15
71	16
71	17
71	18
71	20
71	21
71	22
71	23
71	24
71	25
71	26
71	27
71	28
71	29
71	30
71	31
71	32
71	33
71	34
71	35
71	36
71	37
71	38
71	39
71	40
71	41
71	43
71	45
71	46
71	47
71	48
71	49
71	50
71	51
71	52
71	53
71	54
71	55
71	56
71	57
71	59
71	60
71	61
71	62
71	63
71	65
71	66
71	67
71	69
71	70
71	72
71	73
71	74
71	75
71	76
71	78
71	79
71	80
71	81
71	82
71	83
71	85
71	86
71	87
71	90
71	91
71	93
71	94
71	95
71	96
71	97
71	98
71	99
72	0
72	1
72	2
72	4
72	5
72	6
72	7
72	9
72	10
72	12
72	13
72	14
72	15
72	16
72	17
72	18
72	20
72	21
72	22
72	23
72	24
72	25
72	26
72	27
72	29
72	30
72	31
72	32
72	33
72	34
72	36
72	37
72	38
72	39
72	40
72	41
72	43
72	45
72	46
72	47
72	48
72	49
72	50
72	51
72	52
72	53
72	54
72	55
72	56
72	57
72	59
72	60
72	61
72	62
72	63
72	65
72	66
72	67
72	68
72	69
72	70
72	71
72	73
72	74
72	76
72	78
72	79
72	81
72	82
72	83
72	85
72	86
72	87
72	88
72	90
72	91
72	92
72	93
72	94
72	96
72	97
72	98
72	99
73	0
73	1
73	2
73	3
73	4
73	5
73	6
73	7
73	9
73	10
73	12
73	13
73	14
73	15
73	16
73	17
73	18
73	21
73	22
73	23
73	24
73	25
73	26
73	27
73	28
73	29
73	30
73	31
73	32
73	33
73	34
73	35
73	36
73	37
73	38
73	39
73	41
73	43
73	44
73	45
73	48
73	49
73	50
73	51
73	52
73	53
73	55
73	56
73	57
73	59
73	60
73	61
73	62
73	63
73	65
73	66
73	67
73	68
73	69
73	70
73	71
73	72
73	74
73	75
73	76
73	78
73	79
73	80
73	81
73	82
73	83
73	85
73	86
73	87
73	88
73	90
73	91
73	92
73	93
73	94
73	95
73	96
73	98
73	99
74	0
74	2
74	3
74	6
74	10
74	12
74	13
74	16
74	18
74	20
74	23
74	24
74	25
74	26
74	27
74	29
74	30
74	31
74	32
74	33
74	34
74	36
74	37
74	39
74	40
74	43
74	44
74	46
74	47
74	48
74	49
74	50
74	51
74	52
74	56
74	57
74	59
74	61
74	63
74	65
74	66
74	67
74	68
74	69
74	70
74	71
74	72
74	73
74	75
74	76
74	78
74	80
74	81
74	82
74	85
74	86
74	87
74	88
74	90
74	91
74	93
74	95
74	96
74	97
74	98
74	99
75	0
75	2
75	3
75	5
75	6
75	7
75	10
75	13
75	14
75	18
75	20
75	21
75	22
75	23
75	24
75	25
75	28
75	29
75	30
75	31
75	32
75	33
75	34
75	35
75	36
75	37
75	40
75	43
75	44
75	46
75	47
75	48
75	49
75	50
75	51
75	52
75	54
75	55
75	56
75	57
75	59
75	60
75	61
75	63
75	65
75	66
75	67
75	68
75	69
75	70
75	71
75	73
75	74
75	76
75	78
75	80
75	81
75	82
75	85
75	86
75	87
75	88
75	90
75	91
75	93
75	94
75	95
75	96
75	97
75	99
76	0
76	1
76	2
76	3
76	5
76	7
76	10
76	13
76	14
76	15
76	16
76	17
76	18
76	20
76	21
76	22
76	23
76	24
76	25
76	26
76	27
76	29
76	30
76	31
76	32
76	33
76	34
76	35
76	36
76	37
76	38
76	39
76	41
76	43
76	44
76	45
76	46
76	47
76	48
76	49
76	50
76	51
76	52
76	53
76	54
76	55
76	56
76	57
76	59
76	60
76	61
76	62
76	63
76	65
76	66
76	67
76	69
76	71
76	72
76	73
76	74
76	75
76	78
76	79
76	80
76	81
76	82
76	83
76	85
76	86
76	87
76	88
76	90
76	91
76	94
76	96
76	97
76	99
77	1
77	2
77	11
77	19
77	21
77	25
77	31
77	44
77	51
77	52
77	53
77	62
77	66
77	84
77	88
78	1
78	2
78	3
78	5
78	6
78	7
78	9
78	10
78	13
78	14
78	15
78	16
78	17
78	18
78	20
78	21
78	22
78	23
78	25
78	26
78	27
78	29
78	30
78	31
78	32
78	33
78	34
78	36
78	37
78	38
78	39
78	40
78	41
78	44
78	45
78	46
78	47
78	48
78	49
78	50
78	51
78	52
78	53
78	54
78	55
78	56
78	57
78	59
78	60
78	61
78	63
78	65
78	67
78	68
78	69
78	70
78	71
78	72
78	73
78	74
78	75
78	76
78	80
78	81
78	82
78	83
78	85
78	86
78	87
78	88
78	90
78	91
78	92
78	93
78	94
78	95
78	96
78	97
78	98
78	99
79	2
79	3
79	5
79	7
79	10
79	12
79	13
79	14
79	16
79	17
79	18
79	20
79	21
79	22
79	23
79	24
79	25
79	27
79	28
79	29
79	31
79	32
79	33
79	34
79	35
79	36
79	37
79	39
79	40
79	43
79	44
79	46
79	47
79	48
79	49
79	50
79	51
79	52
79	53
79	54
79	55
79	56
79	57
79	60
79	61
79	62
79	63
79	65
79	66
79	67
79	69
79	71
79	72
79	73
79	76
79	80
79	81
79	82
79	84
79	85
79	86
79	87
79	88
79	90
79	91
79	93
79	94
79	95
79	96
79	97
79	99
80	0
80	2
80	3
80	6
80	7
80	10
80	12
80	13
80	14
80	16
80	17
80	20
80	21
80	22
80	23
80	24
80	25
80	26
80	27
80	29
80	30
80	31
80	32
80	33
80	34
80	35
80	36
80	37
80	39
80	40
80	43
80	44
80	46
80	47
80	48
80	49
80	51
80	52
80	55
80	56
80	57
80	59
80	61
80	63
80	65
80	66
80	67
80	68
80	69
80	70
80	71
80	73
80	74
80	75
80	76
80	78
80	79
80	82
80	85
80	86
80	87
80	88
80	90
80	91
80	93
80	96
80	97
80	98
80	99
81	2
81	3
81	5
81	6
81	7
81	10
81	12
81	14
81	16
81	17
81	18
81	20
81	21
81	22
81	23
81	24
81	25
81	26
81	27
81	28
81	29
81	30
81	31
81	32
81	33
81	35
81	36
81	37
81	39
81	40
81	43
81	44
81	46
81	47
81	48
81	49
81	50
81	51
81	52
81	54
81	55
81	56
81	57
81	59
81	60
81	61
81	63
81	65
81	66
81	68
81	70
81	71
81	72
81	73
81	74
81	75
81	76
81	78
81	79
81	82
81	85
81	86
81	87
81	90
81	93
81	94
81	96
81	98
81	99
82	0
82	1
82	2
82	3
82	4
82	5
82	6
82	7
82	9
82	10
82	12
82	14
82	15
82	16
82	17
82	18
82	20
82	21
82	22
82	23
82	24
82	25
82	26
82	27
82	28
82	29
82	30
82	31
82	32
82	33
82	34
82	36
82	37
82	38
82	39
82	40
82	41
82	43
82	44
82	45
82	46
82	47
82	48
82	49
82	50
82	51
82	52
82	53
82	55
82	56
82	57
82	59
82	60
82	61
82	63
82	65
82	66
82	67
82	68
82	69
82	70
82	71
82	72
82	73
82	74
82	75
82	76
82	78
82	79
82	80
82	81
82	83
82	85
82	86
82	87
82	90
82	91
82	92
82	94
82	95
82	96
82	97
82	98
82	99
83	1
83	4
83	5
83	7
83	9
83	14
83	16
83	18
83	20
83	21
83	26
83	30
83	33
83	34
83	38
83	41
83	44
83	45
83	49
83	50
83	52
83	55
83	56
83	57
83	59
83	61
83	62
83	67
83	69
83	71
83	72
83	73
83	76
83	78
83	82
83	90
83	91
83	92
83	96
83	99
84	1
84	2
84	11
84	19
84	21
84	22
84	31
84	36
84	44
84	51
84	52
84	53
84	62
84	77
84	79
84	88
85	0
85	2
85	3
85	5
85	6
85	7
85	10
85	12
85	13
85	14
85	16
85	17
85	18
85	20
85	21
85	22
85	23
85	24
85	26
85	27
85	28
85	29
85	30
85	31
85	32
85	33
85	34
85	35
85	36
85	39
85	40
85	43
85	44
85	46
85	47
85	48
85	50
85	51
85	52
85	54
85	55
85	57
85	59
85	60
85	61
85	63
85	65
85	66
85	67
85	68
85	69
85	70
85	71
85	72
85	73
85	74
85	75
85	76
85	78
85	79
85	80
85	81
85	82
85	86
85	87
85	91
85	93
85	94
85	95
85	96
85	97
85	98
85	99
86	0
86	2
86	4
86	5
86	6
86	7
86	9
86	10
86	12
86	13
86	14
86	15
86	16
86	17
86	18
86	20
86	21
86	22
86	23
86	24
86	26
86	27
86	28
86	29
86	30
86	32
86	33
86	34
86	35
86	36
86	37
86	38
86	39
86	40
86	41
86	43
86	44
86	45
86	46
86	47
86	49
86	50
86	51
86	52
86	53
86	54
86	55
86	56
86	57
86	59
86	60
86	61
86	62
86	63
86	65
86	66
86	67
86	68
86	69
86	70
86	71
86	72
86	73
86	74
86	75
86	76
86	78
86	79
86	80
86	81
86	82
86	85
86	87
86	88
86	90
86	91
86	92
86	93
86	94
86	95
86	96
86	97
86	98
86	99
87	0
87	3
87	5
87	6
87	7
87	10
87	12
87	13
87	14
87	18
87	20
87	22
87	23
87	24
87	25
87	26
87	28
87	29
87	30
87	31
87	32
87	33
87	34
87	35
87	36
87	37
87	39
87	43
87	44
87	46
87	47
87	48
87	49
87	51
87	52
87	54
87	55
87	56
87	57
87	60
87	61
87	65
87	66
87	67
87	68
87	69
87	70
87	71
87	72
87	73
87	74
87	75
87	76
87	78
87	79
87	80
87	81
87	82
87	85
87	86
87	88
87	90
87	91
87	93
87	94
87	95
87	96
87	97
87	98
87	99
88	0
88	2
88	3
88	5
88	7
88	10
88	11
88	12
88	13
88	16
88	17
88	18
88	19
88	21
88	22
88	23
88	24
88	25
88	26
88	27
88	28
88	29
88	31
88	32
88	36
88	37
88	40
88	44
88	46
88	47
88	48
88	49
88	51
88	52
88	53
88	54
88	55
88	57
88	61
88	62
88	63
88	65
88	66
88	67
88	68
88	69
88	70
88	72
88	73
88	74
88	75
88	76
88	77
88	78
88	79
88	80
88	84
88	86
88	87
88	90
88	91
88	93
88	95
88	96
88	97
88	98
88	99
90	0
90	1
90	2
90	5
90	6
90	7
90	9
90	10
90	12
90	13
90	14
90	15
90	16
90	17
90	18
90	20
90	21
90	22
90	23
90	24
90	25
90	26
90	27
90	28
90	30
90	31
90	32
90	33
90	34
90	36
90	37
90	38
90	39
90	40
90	41
90	43
90	44
90	45
90	47
90	48
90	49
90	50
90	51
90	52
90	53
90	54
90	55
90	56
90	57
90	59
90	60
90	61
90	62
90	65
90	66
90	67
90	68
90	69
90	70
90	71
90	72
90	73
90	74
90	75
90	76
90	78
90	79
90	80
90	81
90	82
90	83
90	86
90	87
90	88
90	91
90	92
90	94
90	95
90	96
90	97
90	98
90	99
91	0
91	1
91	2
91	3
91	4
91	5
91	7
91	9
91	10
91	12
91	13
91	14
91	15
91	16
91	17
91	18
91	20
91	21
91	22
91	23
91	24
91	26
91	27
91	28
91	30
91	31
91	33
91	34
91	35
91	36
91	38
91	39
91	40
91	43
91	44
91	45
91	46
91	48
91	49
91	50
91	51
91	52
91	53
91	54
91	55
91	56
91	57
91	60
91	61
91	63
91	65
91	66
91	67
91	68
91	69
91	70
91	71
91	72
91	73
91	74
91	75
91	76
91	78
91	79
91	80
91	82
91	83
91	85
91	86
91	87
91	88
91	90
91	92
91	93
91	94
91	95
91	96
91	97
91	98
91	99
92	1
92	2
92	4
92	5
92	10
92	14
92	15
92	16
92	18
92	20
92	21
92	26
92	30
92	33
92	34
92	38
92	39
92	40
92	41
92	43
92	44
92	45
92	49
92	50
92	52
92	55
92	56
92	57
92	59
92	61
92	62
92	67
92	69
92	72
92	73
92	78
92	82
92	83
92	86
92	90
92	91
92	96
92	99
93	0
93	3
93	5
93	6
93	7
93	10
93	12
93	13
93	14
93	16
93	17
93	18
93	20
93	21
93	23
93	24
93	25
93	26
93	27
93	28
93	29
93	30
93	31
93	32
93	33
93	34
93	35
93	37
93	39
93	43
93	44
93	46
93	47
93	49
93	50
93	51
93	52
93	54
93	55
93	56
93	57
93	59
93	60
93	61
93	66
93	67
93	69
93	70
93	71
93	72
93	73
93	74
93	75
93	78
93	79
93	80
93	81
93	85
93	86
93	87
93	88
93	91
93	94
93	95
93	96
93	98
94	2
94	3
94	5
94	6
94	10
94	12
94	13
94	14
94	16
94	17
94	18
94	20
94	21
94	22
94	24
94	25
94	26
94	27
94	28
94	29
94	32
94	33
94	35
94	37
94	39
94	40
94	43
94	44
94	46
94	47
94	48
94	49
94	50
94	51
94	52
94	56
94	57
94	59
94	60
94	61
94	63
94	65
94	66
94	67
94	68
94	69
94	70
94	71
94	72
94	73
94	75
94	76
94	78
94	79
94	81
94	82
94	85
94	86
94	87
94	90
94	91
94	93
94	95
94	96
94	98
94	99
95	0
95	2
95	3
95	5
95	6
95	7
95	10
95	12
95	13
95	14
95	16
95	17
95	18
95	20
95	21
95	22
95	23
95	24
95	25
95	26
95	27
95	30
95	31
95	33
95	34
95	35
95	36
95	37
95	39
95	40
95	43
95	44
95	46
95	47
95	48
95	49
95	50
95	51
95	52
95	54
95	55
95	56
95	57
95	59
95	60
95	61
95	63
95	65
95	66
95	67
95	69
95	71
95	73
95	74
95	75
95	78
95	79
95	82
95	85
95	86
95	87
95	88
95	90
95	91
95	93
95	94
95	96
95	97
95	98
95	99
96	0
96	1
96	2
96	3
96	4
96	5
96	6
96	7
96	10
96	12
96	13
96	14
96	15
96	16
96	17
96	18
96	20
96	21
96	22
96	23
96	24
96	25
96	26
96	28
96	29
96	30
96	32
96	33
96	34
96	35
96	36
96	37
96	38
96	39
96	40
96	41
96	43
96	44
96	45
96	46
96	47
96	48
96	49
96	50
96	51
96	52
96	53
96	54
96	55
96	56
96	57
96	59
96	60
96	61
96	62
96	63
96	65
96	67
96	68
96	69
96	70
96	71
96	72
96	73
96	74
96	75
96	76
96	78
96	79
96	80
96	81
96	82
96	83
96	85
96	86
96	87
96	88
96	90
96	91
96	92
96	93
96	94
96	95
96	97
96	98
96	99
97	3
97	5
97	6
97	7
97	10
97	12
97	13
97	14
97	16
97	17
97	20
97	21
97	22
97	23
97	24
97	25
97	26
97	27
97	29
97	30
97	31
97	32
97	33
97	35
97	36
97	37
97	39
97	40
97	43
97	44
97	46
97	47
97	48
97	49
97	50
97	52
97	55
97	56
97	57
97	59
97	60
97	61
97	63
97	65
97	66
97	67
97	68
97	69
97	71
97	72
97	74
97	75
97	76
97	78
97	79
97	80
97	82
97	85
97	86
97	87
97	88
97	90
97	91
97	95
97	96
97	98
97	99
98	0
98	2
98	3
98	5
98	6
98	7
98	12
98	13
98	16
98	17
98	18
98	20
98	22
98	23
98	24
98	25
98	26
98	27
98	28
98	29
98	30
98	31
98	32
98	33
98	35
98	36
98	37
98	40
98	43
98	44
98	46
98	47
98	48
98	49
98	50
98	51
98	52
98	54
98	56
98	57
98	59
98	60
98	61
98	63
98	65
98	67
98	68
98	69
98	70
98	71
98	72
98	73
98	74
98	78
98	80
98	81
98	82
98	85
98	86
98	87
98	88
98	90
98	91
98	93
98	94
98	95
98	96
98	97
98	99
99	1
99	2
99	3
99	4
99	5
99	6
99	7
99	9
99	10
99	12
99	13
99	14
99	15
99	16
99	17
99	18
99	20
99	21
99	22
99	24
99	25
99	26
99	27
99	29
99	30
99	31
99	32
99	33
99	34
99	35
99	36
99	37
99	38
99	39
99	40
99	43
99	44
99	45
99	46
99	47
99	48
99	49
99	50
99	51
99	52
99	53
99	54
99	55
99	56
99	57
99	59
99	60
99	61
99	62
99	63
99	65
99	66
99	67
99	68
99	69
99	70
99	71
99	72
99	73
99	74
99	75
99	76
99	78
99	79
99	80
99	81
99	82
99	83
99	85
99	86
99	87
99	88
99	90
99	91
99	92
99	94
99	95
99	96
99	97
99	98
