0	3
0	4
0	5
0	6
0	8
0	9
0	13
0	14
0	15
0	16
0	18
0	19
0	22
0	23
0	25
0	26
0	27
0	31
0	32
0	33
0	35
0	37
0	38
0	40
0	41
0	44
0	45
0	46
0	47
0	50
0	52
0	54
0	55
0	56
0	58
0	59
0	60
0	61
0	62
0	63
0	64
0	65
0	66
0	67
0	68
0	71
0	72
0	75
0	76
0	77
0	78
0	79
0	80
0	82
0	83
0	84
0	85
0	87
0	88
0	90
0	93
0	95
0	98
0	99
1	3
1	4
1	5
1	6
1	8
1	9
1	13
1	14
1	15
1	16
1	18
1	19
1	22
1	23
1	25
1	26
1	27
1	29
1	31
1	32
1	38
1	39
1	40
1	41
1	44
1	45
1	46
1	48
1	50
1	53
1	55
1	59
1	60
1	61
1	62
1	63
1	64
1	65
1	66
1	67
1	70
1	71
1	75
1	77
1	78
1	79
1	81
1	83
1	84
1	86
1	87
1	88
1	98
1	99
3	0
3	1
3	4
3	5
3	6
3	8
3	9
3	13
3	15
3	16
3	17
3	18
3	22
3	23
3	24
3	25
3	26
3	27
3	29
3	30
3	31
3	33
3	35
3	36
3	37
3	40
3	41
3	46
3	48
3	50
3	52
3	54
3	55
3	56
3	58
3	60
3	61
3	62
3	63
3	64
3	66
3	67
3	68
3	71
3	72
3	75
3	76
3	77
3	78
3	79
3	80
3	81
3	82
3	83
3	84
3	85
3	86
3	87
3	88
3	89
3	90
3	93
3	95
3	97
3	98
3	99
4	0
4	1
4	3
4	5
4	6
4	8
4	14
4	15
4	18
4	19
4	22
4	23
4	25
4	26
4	27
4	29
4	30
4	31
4	32
4	35
4	38
4	39
4	40
4	41
4	44
4	45
4	46
4	48
4	50
4	53
4	55
4	60
4	61
4	62
4	63
4	64
4	65
4	66
4	67
4	68
4	70
4	71
4	72
4	75
4	76
4	81
4	82
4	83
4	84
4	86
4	87
4	88
4	93
4	97
4	98
4	99
5	0
5	1
5	3
5	4
5	6
5	8
5	9
5	13
5	14
5	15
5	19
5	22
5	23
5	25
5	27
5	29
5	30
5	31
5	32
5	35
5	38
5	39
5	40
5	41
5	44
5	45
5	46
5	48
5	50
5	52
5	53
5	55
5	59
5	60
5	62
5	63
5	64
5	65
5	66
5	67
5	68
5	70
5	71
5	72
5	75
5	76
5	77
5	78
5	79
5	81
5	83
5	84
5	86
5	87
5	88
5	93
5	95
5	97
5	98
5	99
6	0
6	1
6	3
6	4
6	5
6	8
6	9
6	13
6	14
6	15
6	16
6	18
6	19
6	22
6	23
6	25
6	26
6	27
6	29
6	30
6	31
6	32
6	35
6	38
6	40
6	41
6	44
6	46
6	48
6	50
6	52
6	53
6	55
6	59
6	60
6	61
6	62
6	63
6	64
6	65
6	66
6	67
6	68
6	70
6	72
6	75
6	76
6	77
6	78
6	79
6	81
6	82
6	83
6	84
6	86
6	87
6	88
6	89
6	93
6	95
6	97
6	98
6	99
8	0
8	1
8	3
8	4
8	5
8	6
8	9
8	13
8	14
8	16
8	18
8	19
8	22
8	23
8	25
8	26
8	27
8	29
8	31
8	32
8	38
8	39
8	40
8	41
8	45
8	46
8	50
8	53
8	55
8	59
8	60
8	61
8	63
8	64
8	65
8	66
8	67
8	68
8	71
8	72
8	75
8	76
8	77
8	78
8	79
8	81
8	82
8	83
8	84
8	86
8	87
8	88
8	93
8	95
8	97
8	98
8	99
9	0
9	1
9	3
9	5
9	6
9	8
9	14
9	15
9	18
9	19
9	22
9	23
9	25
9	26
9	27
9	29
9	30
9	31
9	32
9	35
9	38
9	39
9	40
9	41
9	44
9	46
9	50
9	52
9	55
9	60
9	61
9	62
9	63
9	64
9	66
9	67
9	70
9	71
9	75
9	76
9	77
9	78
9	79
9	81
9	83
9	86
9	87
9	88
9	93
9	95
9	97
9	98
9	99
13	0
13	1
13	3
13	5
13	6
13	8
13	14
13	15
13	16
13	18
13	19
13	22
13	23
13	25
13	26
13	27
13	29
13	30
13	31
13	32
13	35
13	39
13	40
13	44
13	45
13	46
13	48
13	50
13	52
13	53
13	55
13	59
13	60
13	61
13	62
13	63
13	64
13	65
13	66
13	67
13	68
13	70
13	71
13	75
13	76
13	78
13	79
13	81
13	82
13	83
13	84
13	86
13	87
13	88
13	93
13	97
13	99
14	0
14	1
14	4
14	5
14	6
14	8
14	9
14	13
14	15
14	16
14	18
14	19
14	23
14	25
14	26
14	29
14	30
14	31
14	32
14	35
14	38
14	39
14	40
14	41
14	44
14	45
14	46
14	48
14	52
14	53
14	55
14	59
14	60
14	61
14	62
14	63
14	66
14	67
14	68
14	71
14	72
14	75
14	76
14	77
14	78
14	79
14	81
14	82
14	83
14	84
14	86
14	88
14	93
14	97
14	99
15	0
15	1
15	3
15	4
15	5
15	6
15	9
15	13
15	14
15	16
15	17
15	18
15	19
15	22
15	23
15	24
15	25
15	26
15	27
15	29
15	30
15	31
15	32
15	35
15	37
15	38
15	39
15	40
15	41
15	44
15	46
15	47
15	48
15	50
15	52
15	53
15	54
15	55
15	56
15	58
15	59
15	60
15	61
15	62
15	63
15	64
15	65
15	66
15	67
15	68
15	70
15	72
15	75
15	76
15	77
15	79
15	80
15	81
15	82
15	83
15	84
15	85
15	86
15	87
15	88
15	90
15	93
15	95
15	97
15	98
15	99
16	0
16	1
16	3
16	6
16	8
16	13
16	14
16	15
16	18
16	19
16	23
16	25
16	26
16	27
16	29
16	30
16	31
16	35
16	38
16	39
16	40
16	41
16	44
16	46
16	48
16	52
16	55
16	59
16	60
16	61
16	62
16	65
16	66
16	67
16	68
16	70
16	71
16	75
16	76
16	77
16	78
16	81
16	82
16	83
16	84
16	87
16	88
16	93
16	97
16	98
16	99
17	3
17	15
17	23
17	24
17	26
17	31
17	33
17	37
17	47
17	52
17	54
17	56
17	58
17	61
17	67
17	75
17	76
17	85
17	87
17	88
17	90
17	98
18	0
18	1
18	3
18	4
18	6
18	8
18	9
18	13
18	14
18	15
18	16
18	19
18	22
18	25
18	27
18	29
18	30
18	31
18	32
18	35
18	38
18	39
18	40
18	41
18	45
18	46
18	48
18	50
18	52
18	53
18	55
18	59
18	60
18	61
18	62
18	63
18	64
18	65
18	66
18	67
18	68
18	71
18	72
18	75
18	76
18	77
18	78
18	79
18	81
18	82
18	84
18	86
18	87
18	88
18	93
18	95
18	98
18	99
19	0
19	1
19	4
19	5
19	6
19	8
19	9
19	13
19	14
19	15
19	16
19	18
19	22
19	23
19	25
19	26
19	27
19	29
19	30
19	32
19	35
19	38
19	39
19	40
19	41
19	44
19	45
19	46
19	48
19	50
19	52
19	53
19	59
19	60
19	61
19	62
19	63
19	64
19	65
19	66
19	67
19	68
19	70
19	71
19	72
19	75
19	76
19	77
19	78
19	79
19	81
19	82
19	83
19	84
19	86
19	87
19	88
19	93
19	95
19	97
19	98
19	99
22	0
22	1
22	3
22	4
22	5
22	6
22	8
22	9
22	13
22	15
22	18
22	19
22	23
22	26
22	27
22	32
22	35
22	38
22	39
22	40
22	41
22	44
22	45
22	46
22	50
22	52
22	53
22	55
22	59
22	60
22	61
22	62
22	63
22	64
22	65
22	66
22	67
22	68
22	70
22	71
22	75
22	76
22	77
22	78
22	79
22	81
22	82
22	83
22	84
22	86
22	87
22	93
22	95
22	97
22	98
23	0
23	1
23	3
23	4
23	5
23	6
23	8
23	9
23	13
23	14
23	15
23	16
23	17
23	19
23	22
23	24
23	25
23	26
23	27
23	29
23	30
23	31
23	32
23	33
23	37
23	38
23	40
23	41
23	44
23	45
23	46
23	47
23	48
23	50
23	52
23	53
23	54
23	56
23	58
23	59
23	60
23	61
23	63
23	64
23	65
23	67
23	68
23	70
23	71
23	72
23	75
23	76
23	77
23	78
23	79
23	80
23	81
23	83
23	84
23	85
23	87
23	88
23	95
23	97
23	98
23	99
24	3
24	15
24	17
24	23
24	26
24	31
24	33
24	35
24	37
24	46
24	52
24	54
24	56
24	58
24	63
24	67
24	75
24	76
24	79
24	80
24	85
24	87
24	88
24	90
24	98
25	0
25	1
25	3
25	4
25	5
25	6
25	8
25	9
25	13
25	14
25	15
25	16
25	18
25	19
25	23
25	26
25	30
25	31
25	32
25	35
25	38
25	39
25	40
25	41
25	44
25	45
25	46
25	48
25	50
25	52
25	53
25	55
25	59
25	60
25	61
25	62
25	64
25	65
25	66
25	67
25	68
25	70
25	72
25	75
25	76
25	78
25	79
25	81
25	82
25	83
25	84
25	87
25	88
25	93
25	95
25	97
25	98
26	0
26	1
26	3
26	4
26	6
26	8
26	9
26	13
26	14
26	15
26	16
26	17
26	19
26	22
26	23
26	24
26	25
26	27
26	29
26	30
26	31
26	32
26	33
26	35
26	38
26	39
26	40
26	41
26	44
26	45
26	46
26	47
26	48
26	50
26	52
26	54
26	55
26	56
26	58
26	59
26	60
26	61
26	62
26	63
26	64
26	65
26	66
26	67
26	68
26	70
26	71
26	72
26	75
26	76
26	77
26	78
26	79
26	80
26	81
26	82
26	83
26	85
26	86
26	87
26	88
26	90
26	93
26	95
26	98
27	0
27	1
27	3
27	4
27	5
27	6
27	8
27	9
27	13
27	15
27	16
27	18
27	19
27	22
27	23
27	26
27	30
27	31
27	35
27	38
27	39
27	40
27	41
27	44
27	45
27	46
27	48
27	50
27	52
27	53
27	55
27	59
27	60
27	61
27	62
27	63
27	64
27	65
27	66
27	67
27	70
27	71
27	75
27	76
27	77
27	78
27	79
27	81
27	82
27	83
27	86
27	87
27	88
27	93
27	95
27	97
27	98
27	99
29	1
29	3
29	4
29	5
29	6
29	8
29	9
29	13
29	14
29	15
29	16
29	18
29	19
29	23
29	26
29	31
29	32
29	35
29	38
29	40
29	41
29	45
29	50
29	52
29	53
29	55
29	59
29	60
29	61
29	63
29	64
29	65
29	66
29	67
29	68
29	70
29	71
29	72
29	75
29	76
29	78
29	79
29	81
29	82
29	84
29	86
29	87
29	88
29	93
29	95
29	97
29	99
30	3
30	4
30	5
30	6
30	9
30	13
30	14
30	15
30	16
30	18
30	19
30	23
30	25
30	26
30	27
30	31
30	32
30	35
30	38
30	39
30	40
30	44
30	45
30	48
30	50
30	53
30	55
30	59
30	60
30	61
30	62
30	63
30	64
30	65
30	66
30	68
30	70
30	71
30	72
30	75
30	76
30	77
30	79
30	81
30	82
30	83
30	84
30	86
30	87
30	88
30	93
30	95
30	97
30	98
30	99
31	0
31	1
31	3
31	4
31	5
31	6
31	8
31	9
31	13
31	14
31	15
31	16
31	17
31	18
31	23
31	24
31	25
31	26
31	27
31	29
31	30
31	32
31	33
31	35
31	37
31	38
31	39
31	40
31	41
31	44
31	45
31	46
31	47
31	48
31	50
31	52
31	53
31	54
31	55
31	56
31	58
31	59
31	60
31	61
31	62
31	63
31	64
31	65
31	66
31	67
31	68
31	70
31	71
31	72
31	75
31	76
31	77
31	78
31	79
31	80
31	81
31	82
31	83
31	84
31	85
31	86
31	87
31	88
31	90
31	93
31	95
31	97
31	98
31	99
32	0
32	1
32	4
32	5
32	6
32	8
32	9
32	13
32	14
32	15
32	18
32	19
32	22
32	23
32	25
32	26
32	29
32	30
32	31
32	38
32	40
32	41
32	44
32	45
32	46
32	48
32	50
32	52
32	53
32	55
32	60
32	61
32	62
32	63
32	64
32	65
32	66
32	67
32	70
32	71
32	72
32	77
32	78
32	79
32	81
32	82
32	83
32	84
32	87
32	88
32	93
32	95
32	97
32	98
32	99
33	0
33	3
33	17
33	23
33	24
33	26
33	31
33	35
33	37
33	46
33	47
33	52
33	54
33	56
33	58
33	67
33	75
33	76
33	79
33	80
33	83
33	85
33	87
33	88
33	90
33	98
35	0
35	3
35	4
35	5
35	6
35	9
35	13
35	14
35	15
35	16
35	18
35	19
35	22
35	24
35	25
35	26
35	27
35	29
35	30
35	31
35	33
35	37
35	38
35	40
35	41
35	44
35	45
35	46
35	47
35	50
35	52
35	53
35	54
35	55
35	56
35	58
35	59
35	60
35	61
35	62
35	63
35	64
35	67
35	68
35	70
35	71
35	76
35	77
35	78
35	79
35	80
35	81
35	83
35	84
35	85
35	86
35	87
35	88
35	90
35	93
35	97
35	98
36	3
36	89
36	98
37	0
37	3
37	15
37	17
37	23
37	24
37	31
37	33
37	35
37	46
37	47
37	52
37	54
37	56
37	61
37	63
37	67
37	75
37	76
37	80
37	83
37	85
37	87
37	88
37	90
37	98
38	0
38	1
38	4
38	5
38	6
38	8
38	9
38	14
38	15
38	16
38	18
38	19
38	22
38	23
38	25
38	26
38	27
38	29
38	30
38	31
38	32
38	35
38	41
38	44
38	45
38	46
38	48
38	50
38	53
38	55
38	59
38	61
38	62
38	63
38	64
38	66
38	68
38	70
38	71
38	72
38	75
38	76
38	77
38	78
38	79
38	81
38	82
38	83
38	84
38	86
38	87
38	88
38	93
38	95
38	97
38	98
38	99
39	1
39	4
39	5
39	8
39	9
39	13
39	14
39	15
39	16
39	18
39	19
39	22
39	25
39	26
39	27
39	30
39	31
39	40
39	41
39	44
39	45
39	46
39	48
39	52
39	53
39	55
39	59
39	60
39	62
39	63
39	64
39	65
39	66
39	67
39	70
39	71
39	72
39	75
39	76
39	77
39	78
39	79
39	81
39	82
39	83
39	84
39	86
39	87
39	88
39	93
39	95
39	98
39	99
40	0
40	1
40	3
40	4
40	5
40	6
40	8
40	9
40	13
40	14
40	15
40	16
40	18
40	19
40	22
40	23
40	25
40	26
40	27
40	29
40	30
40	31
40	32
40	35
40	39
40	44
40	45
40	46
40	48
40	53
40	55
40	59
40	61
40	62
40	63
40	64
40	65
40	66
40	67
40	68
40	70
40	71
40	72
40	75
40	77
40	78
40	79
40	81
40	82
40	83
40	84
40	86
40	87
40	88
40	93
40	95
40	97
40	98
40	99
41	0
41	1
41	3
41	4
41	5
41	6
41	8
41	9
41	14
41	15
41	16
41	18
41	19
41	22
41	23
41	25
41	26
41	27
41	29
41	31
41	32
41	35
41	38
41	39
41	44
41	45
41	46
41	48
41	50
41	52
41	53
41	55
41	59
41	60
41	62
41	63
41	65
41	66
41	67
41	68
41	70
41	71
41	72
41	75
41	76
41	77
41	79
41	81
41	82
41	84
41	86
41	87
41	88
41	89
41	93
41	95
41	97
41	98
41	99
44	0
44	1
44	4
44	5
44	6
44	9
44	13
44	14
44	15
44	16
44	19
44	22
44	23
44	25
44	26
44	27
44	30
44	31
44	32
44	35
44	38
44	39
44	40
44	41
44	45
44	46
44	50
44	52
44	53
44	55
44	59
44	60
44	62
44	63
44	64
44	65
44	66
44	67
44	68
44	70
44	71
44	72
44	75
44	76
44	77
44	78
44	79
44	81
44	82
44	83
44	86
44	87
44	88
44	93
44	95
44	97
44	98
44	99
45	0
45	1
45	4
45	5
45	8
45	13
45	14
45	18
45	19
45	22
45	23
45	25
45	26
45	27
45	29
45	30
45	31
45	32
45	35
45	38
45	39
45	40
45	41
45	44
45	46
45	48
45	52
45	53
45	55
45	60
45	61
45	62
45	65
45	66
45	67
45	68
45	70
45	72
45	75
45	76
45	77
45	78
45	79
45	81
45	82
45	83
45	84
45	86
45	87
45	88
45	93
45	95
45	97
45	98
45	99
46	0
46	1
46	3
46	4
46	5
46	6
46	8
46	9
46	13
46	14
46	15
46	16
46	18
46	19
46	22
46	23
46	24
46	25
46	26
46	27
46	31
46	32
46	33
46	35
46	37
46	38
46	39
46	40
46	41
46	44
46	45
46	48
46	52
46	53
46	54
46	55
46	56
46	58
46	59
46	61
46	62
46	63
46	64
46	65
46	67
46	68
46	70
46	71
46	72
46	75
46	76
46	77
46	78
46	79
46	80
46	81
46	82
46	83
46	84
46	86
46	87
46	88
46	90
46	93
46	95
46	97
46	98
46	99
47	0
47	15
47	17
47	23
47	26
47	31
47	33
47	35
47	37
47	52
47	54
47	61
47	63
47	67
47	75
47	76
47	79
47	80
47	83
47	85
47	87
47	90
47	98
48	1
48	3
48	4
48	5
48	6
48	13
48	14
48	15
48	16
48	18
48	19
48	23
48	25
48	26
48	27
48	30
48	31
48	32
48	38
48	39
48	40
48	41
48	45
48	46
48	50
48	53
48	55
48	59
48	60
48	62
48	63
48	64
48	65
48	66
48	67
48	68
48	71
48	72
48	76
48	77
48	78
48	79
48	81
48	82
48	83
48	84
48	86
48	88
48	93
48	95
48	97
48	98
48	99
50	0
50	1
50	3
50	4
50	5
50	6
50	8
50	9
50	13
50	15
50	18
50	19
50	22
50	23
50	25
50	26
50	27
50	29
50	30
50	31
50	32
50	35
50	38
50	41
50	44
50	48
50	52
50	53
50	55
50	59
50	60
50	61
50	62
50	64
50	65
50	66
50	68
50	70
50	72
50	75
50	76
50	77
50	78
50	79
50	81
50	82
50	83
50	84
50	86
50	87
50	88
50	93
50	95
50	97
50	98
50	99
52	0
52	3
52	5
52	6
52	9
52	13
52	14
52	15
52	16
52	17
52	18
52	19
52	22
52	23
52	24
52	25
52	26
52	27
52	29
52	31
52	32
52	33
52	35
52	37
52	39
52	41
52	44
52	45
52	46
52	47
52	50
52	53
52	55
52	56
52	59
52	60
52	61
52	62
52	63
52	64
52	65
52	66
52	67
52	68
52	70
52	72
52	75
52	76
52	77
52	78
52	79
52	80
52	82
52	83
52	84
52	85
52	86
52	87
52	88
52	93
52	95
52	97
52	98
52	99
53	1
53	4
53	5
53	6
53	8
53	13
53	14
53	15
53	18
53	19
53	22
53	23
53	25
53	27
53	29
53	30
53	31
53	32
53	35
53	38
53	39
53	40
53	41
53	44
53	45
53	46
53	48
53	50
53	52
53	55
53	59
53	60
53	61
53	62
53	63
53	64
53	65
53	66
53	67
53	70
53	71
53	72
53	75
53	76
53	77
53	78
53	79
53	81
53	82
53	83
53	84
53	86
53	88
53	93
53	95
53	97
53	98
53	99
54	0
54	3
54	15
54	17
54	23
54	24
54	26
54	31
54	33
54	35
54	37
54	46
54	47
54	56
54	58
54	61
54	63
54	67
54	75
54	76
54	79
54	80
54	83
54	85
54	87
54	88
54	90
54	98
55	0
55	1
55	3
55	4
55	5
55	6
55	8
55	9
55	13
55	14
55	15
55	16
55	18
55	22
55	25
55	26
55	27
55	29
55	30
55	31
55	32
55	35
55	38
55	39
55	40
55	41
55	44
55	45
55	46
55	48
55	50
55	52
55	53
55	59
55	60
55	61
55	63
55	64
55	65
55	66
55	67
55	68
55	70
55	72
55	75
55	77
55	78
55	79
55	81
55	82
55	83
55	84
55	86
55	87
55	88
55	93
55	95
55	97
56	0
56	3
56	15
56	17
56	23
56	24
56	26
56	31
56	33
56	35
56	37
56	46
56	52
56	54
56	58
56	61
56	63
56	67
56	75
56	76
56	83
56	88
56	90
56	98
58	0
58	3
58	15
58	17
58	23
58	24
58	26
58	31
58	33
58	35
58	46
58	54
58	56
58	61
58	63
58	67
58	75
58	76
58	79
58	80
58	83
58	85
58	87
58	88
58	98
59	0
59	1
59	5
59	6
59	8
59	13
59	14
59	15
59	16
59	18
59	19
59	22
59	23
59	25
59	26
59	27
59	29
59	30
59	31
59	35
59	38
59	39
59	40
59	41
59	44
59	46
59	48
59	50
59	52
59	53
59	55
59	60
59	62
59	63
59	64
59	65
59	67
59	68
59	70
59	71
59	72
59	75
59	76
59	77
59	78
59	79
59	81
59	82
59	83
59	84
59	86
59	87
59	88
59	93
59	95
59	97
59	98
59	99
60	0
60	1
60	3
60	4
60	5
60	6
60	8
60	9
60	13
60	14
60	15
60	16
60	18
60	19
60	22
60	23
60	25
60	26
60	27
60	29
60	30
60	31
60	32
60	35
60	39
60	41
60	44
60	45
60	48
60	50
60	52
60	53
60	55
60	59
60	62
60	63
60	64
60	65
60	66
60	67
60	68
60	70
60	71
60	72
60	75
60	77
60	78
60	79
60	81
60	82
60	83
60	84
60	86
60	87
60	88
60	93
60	95
60	97
60	99
61	0
61	1
61	3
61	4
61	6
61	8
61	9
61	13
61	14
61	15
61	16
61	17
61	18
61	19
61	22
61	23
61	25
61	26
61	27
61	29
61	30
61	31
61	32
61	35
61	37
61	38
61	40
61	45
61	46
61	47
61	50
61	52
61	53
61	54
61	55
61	56
61	58
61	62
61	63
61	64
61	66
61	67
61	68
61	70
61	71
61	72
61	75
61	76
61	77
61	78
61	79
61	80
61	81
61	83
61	84
61	85
61	86
61	87
61	88
61	90
61	93
61	95
61	97
61	98
61	99
62	0
62	1
62	3
62	4
62	5
62	6
62	9
62	13
62	14
62	15
62	16
62	18
62	19
62	22
62	25
62	26
62	27
62	30
62	31
62	32
62	35
62	38
62	39
62	40
62	41
62	44
62	45
62	46
62	48
62	50
62	52
62	53
62	59
62	60
62	61
62	64
62	65
62	66
62	67
62	68
62	70
62	71
62	72
62	75
62	76
62	77
62	78
62	79
62	81
62	83
62	84
62	86
62	87
62	88
62	95
62	97
62	98
62	99
63	0
63	1
63	3
63	4
63	5
63	6
63	8
63	9
63	13
63	14
63	15
63	18
63	19
63	22
63	23
63	24
63	26
63	27
63	29
63	30
63	31
63	32
63	35
63	37
63	38
63	39
63	40
63	41
63	44
63	46
63	47
63	48
63	52
63	53
63	54
63	55
63	56
63	58
63	59
63	60
63	61
63	64
63	65
63	66
63	67
63	68
63	71
63	72
63	75
63	76
63	77
63	78
63	79
63	80
63	81
63	83
63	84
63	85
63	86
63	87
63	88
63	90
63	93
63	95
63	97
63	98
63	99
64	0
64	1
64	3
64	4
64	5
64	6
64	8
64	9
64	13
64	15
64	18
64	19
64	22
64	23
64	25
64	26
64	27
64	29
64	30
64	31
64	32
64	35
64	38
64	39
64	40
64	44
64	46
64	48
64	50
64	52
64	53
64	55
64	59
64	60
64	61
64	62
64	63
64	65
64	66
64	67
64	68
64	70
64	71
64	72
64	75
64	76
64	77
64	78
64	79
64	81
64	82
64	83
64	84
64	86
64	87
64	93
64	95
64	97
64	98
64	99
65	0
65	1
65	4
65	5
65	6
65	8
65	13
65	15
65	16
65	18
65	19
65	22
65	23
65	25
65	26
65	27
65	29
65	30
65	31
65	32
65	39
65	40
65	41
65	44
65	45
65	46
65	48
65	50
65	52
65	53
65	55
65	59
65	60
65	62
65	63
65	64
65	66
65	67
65	68
65	70
65	71
65	72
65	75
65	76
65	77
65	78
65	79
65	82
65	83
65	86
65	87
65	88
65	93
65	95
65	97
65	98
65	99
66	0
66	1
66	3
66	4
66	5
66	6
66	8
66	9
66	13
66	14
66	15
66	16
66	18
66	19
66	22
66	25
66	26
66	27
66	29
66	30
66	31
66	32
66	38
66	39
66	40
66	41
66	44
66	45
66	48
66	50
66	52
66	53
66	55
66	60
66	61
66	62
66	63
66	64
66	65
66	67
66	68
66	70
66	71
66	75
66	77
66	78
66	79
66	81
66	82
66	84
66	86
66	87
66	88
66	97
66	98
66	99
67	0
67	1
67	3
67	4
67	5
67	6
67	8
67	9
67	13
67	14
67	15
67	16
67	17
67	18
67	19
67	22
67	23
67	24
67	25
67	26
67	27
67	29
67	31
67	32
67	33
67	35
67	37
67	39
67	40
67	41
67	44
67	45
67	46
67	47
67	48
67	52
67	53
67	54
67	55
67	56
67	58
67	59
67	60
67	61
67	62
67	63
67	64
67	65
67	66
67	68
67	70
67	71
67	72
67	75
67	76
67	78
67	79
67	80
67	81
67	82
67	83
67	84
67	86
67	87
67	88
67	90
67	93
67	95
67	97
67	98
67	99
68	0
68	3
68	4
68	5
68	6
68	8
68	13
68	14
68	15
68	16
68	18
68	19
68	22
68	23
68	25
68	26
68	29
68	30
68	31
68	35
68	38
68	40
68	41
68	44
68	45
68	46
68	48
68	50
68	52
68	55
68	59
68	60
68	61
68	62
68	63
68	64
68	65
68	66
68	67
68	70
68	72
68	75
68	76
68	77
68	78
68	79
68	81
68	82
68	83
68	84
68	86
68	87
68	88
68	93
68	95
68	98
68	99
70	1
70	4
70	5
70	6
70	9
70	13
70	15
70	16
70	19
70	22
70	23
70	25
70	26
70	27
70	29
70	30
70	31
70	32
70	35
70	38
70	39
70	40
70	41
70	44
70	45
70	46
70	50
70	52
70	53
70	55
70	59
70	60
70	61
70	62
70	64
70	65
70	66
70	67
70	68
70	71
70	72
70	76
70	77
70	78
70	82
70	83
70	84
70	86
70	87
70	88
70	93
70	95
70	97
70	98
70	99
71	0
71	1
71	3
71	4
71	5
71	8
71	9
71	13
71	14
71	16
71	18
71	19
71	22
71	23
71	26
71	27
71	29
71	30
71	31
71	32
71	35
71	38
71	39
71	40
71	41
71	44
71	46
71	48
71	53
71	59
71	60
71	61
71	62
71	63
71	64
71	65
71	66
71	67
71	70
71	72
71	75
71	76
71	77
71	78
71	79
71	81
71	82
71	83
71	84
71	86
71	87
71	88
71	93
71	95
71	98
72	0
72	3
72	4
72	5
72	6
72	8
72	14
72	15
72	18
72	19
72	23
72	25
72	26
72	29
72	30
72	31
72	32
72	38
72	39
72	40
72	41
72	44
72	45
72	46
72	48
72	50
72	52
72	53
72	55
72	59
72	60
72	61
72	62
72	63
72	64
72	65
72	67
72	68
72	70
72	71
72	75
72	76
72	77
72	78
72	79
72	81
72	82
72	83
72	86
72	87
72	93
72	95
72	97
72	98
75	0
75	1
75	3
75	4
75	5
75	6
75	8
75	9
75	13
75	14
75	15
75	16
75	17
75	18
75	19
75	22
75	23
75	24
75	25
75	26
75	27
75	29
75	30
75	31
75	33
75	37
75	38
75	39
75	40
75	41
75	44
75	45
75	46
75	47
75	50
75	52
75	53
75	54
75	55
75	56
75	58
75	59
75	60
75	61
75	62
75	63
75	64
75	65
75	66
75	67
75	68
75	71
75	72
75	76
75	77
75	78
75	79
75	80
75	81
75	82
75	83
75	84
75	85
75	86
75	88
75	90
75	93
75	95
75	97
75	98
75	99
76	0
76	3
76	4
76	5
76	6
76	8
76	9
76	13
76	14
76	15
76	16
76	17
76	18
76	19
76	22
76	23
76	24
76	25
76	26
76	27
76	29
76	30
76	31
76	33
76	35
76	37
76	38
76	39
76	41
76	44
76	45
76	46
76	47
76	48
76	50
76	52
76	53
76	54
76	56
76	58
76	59
76	61
76	62
76	63
76	64
76	65
76	67
76	68
76	70
76	71
76	72
76	75
76	79
76	80
76	82
76	83
76	85
76	86
76	87
76	88
76	90
76	93
76	95
76	97
76	98
76	99
77	0
77	1
77	3
77	5
77	6
77	8
77	9
77	14
77	15
77	16
77	18
77	19
77	22
77	23
77	26
77	27
77	30
77	31
77	32
77	35
77	38
77	39
77	40
77	41
77	44
77	45
77	46
77	48
77	50
77	52
77	53
77	55
77	59
77	60
77	61
77	62
77	63
77	64
77	65
77	66
77	68
77	70
77	71
77	72
77	75
77	78
77	79
77	82
77	83
77	84
77	86
77	87
77	88
77	93
77	95
77	97
77	99
78	0
78	1
78	3
78	5
78	6
78	8
78	9
78	13
78	14
78	16
78	18
78	19
78	22
78	23
78	25
78	26
78	27
78	29
78	31
78	32
78	35
78	38
78	39
78	40
78	44
78	45
78	46
78	48
78	50
78	52
78	53
78	55
78	59
78	60
78	61
78	62
78	63
78	64
78	65
78	66
78	67
78	68
78	70
78	71
78	72
78	75
78	77
78	79
78	81
78	82
78	83
78	84
78	86
78	88
78	93
78	95
78	97
78	98
78	99
79	0
79	1
79	3
79	5
79	6
79	8
79	9
79	13
79	14
79	15
79	18
79	19
79	22
79	23
79	24
79	25
79	26
79	27
79	29
79	30
79	31
79	32
79	33
79	35
79	38
79	39
79	40
79	41
79	44
79	45
79	46
79	47
79	48
79	50
79	52
79	53
79	54
79	55
79	58
79	59
79	60
79	61
79	62
79	63
79	64
79	65
79	66
79	67
79	68
79	71
79	72
79	75
79	76
79	77
79	78
79	80
79	81
79	82
79	83
79	84
79	85
79	86
79	87
79	88
79	90
79	93
79	97
79	98
80	0
80	3
80	15
80	23
80	24
80	26
80	31
80	33
80	35
80	37
80	46
80	47
80	52
80	54
80	58
80	61
80	63
80	67
80	75
80	76
80	79
80	83
80	87
80	88
80	90
80	98
81	1
81	3
81	4
81	5
81	6
81	8
81	9
81	13
81	14
81	15
81	16
81	18
81	19
81	22
81	23
81	25
81	26
81	27
81	29
81	30
81	31
81	32
81	35
81	38
81	39
81	40
81	41
81	44
81	45
81	46
81	48
81	50
81	53
81	55
81	59
81	60
81	61
81	62
81	63
81	64
81	66
81	67
81	68
81	71
81	72
81	75
81	78
81	79
81	82
81	83
81	84
81	86
81	87
81	88
81	93
81	95
81	97
81	98
81	99
82	0
82	3
82	4
82	6
82	8
82	13
82	14
82	15
82	16
82	18
82	19
82	22
82	25
82	26
82	27
82	29
82	30
82	31
82	32
82	38
82	39
82	40
82	41
82	44
82	45
82	46
82	48
82	50
82	52
82	53
82	55
82	59
82	60
82	64
82	65
82	66
82	67
82	68
82	70
82	71
82	72
82	75
82	76
82	77
82	78
82	79
82	81
82	83
82	84
82	86
82	87
82	88
82	95
82	97
82	98
82	99
83	0
83	1
83	3
83	4
83	5
83	6
83	8
83	9
83	13
83	14
83	15
83	16
83	19
83	22
83	23
83	25
83	26
83	27
83	30
83	31
83	32
83	33
83	35
83	37
83	38
83	39
83	40
83	44
83	45
83	46
83	47
83	48
83	50
83	52
83	53
83	54
83	55
83	56
83	58
83	59
83	60
83	61
83	62
83	63
83	64
83	65
83	67
83	68
83	70
83	71
83	72
83	75
83	76
83	77
83	78
83	79
83	80
83	81
83	82
83	84
83	85
83	86
83	87
83	88
83	90
83	93
83	95
83	97
83	98
83	99
84	0
84	1
84	3
84	4
84	5
84	6
84	8
84	13
84	14
84	15
84	16
84	18
84	19
84	22
84	23
84	25
84	29
84	30
84	31
84	32
84	35
84	38
84	39
84	40
84	41
84	45
84	46
84	48
84	50
84	52
84	53
84	55
84	59
84	60
84	61
84	62
84	63
84	64
84	66
84	67
84	68
84	70
84	71
84	75
84	77
84	78
84	79
84	81
84	82
84	83
84	86
84	87
84	93
84	97
84	98
84	99
85	0
85	3
85	15
85	17
85	23
85	24
85	26
85	31
85	33
85	35
85	37
85	47
85	52
85	54
85	58
85	61
85	63
85	75
85	76
85	79
85	83
85	87
85	90
85	98
86	1
86	3
86	4
86	5
86	6
86	8
86	9
86	13
86	14
86	15
86	18
86	19
86	22
86	26
86	27
86	29
86	30
86	31
86	35
86	38
86	39
86	40
86	41
86	44
86	45
86	46
86	48
86	50
86	52
86	53
86	55
86	59
86	60
86	61
86	62
86	63
86	64
86	65
86	66
86	67
86	68
86	70
86	71
86	72
86	75
86	76
86	77
86	78
86	79
86	81
86	82
86	83
86	84
86	88
86	93
86	95
86	97
86	99
87	0
87	1
87	3
87	4
87	5
87	6
87	8
87	9
87	13
87	15
87	16
87	17
87	18
87	19
87	22
87	23
87	24
87	25
87	26
87	27
87	29
87	30
87	31
87	32
87	33
87	35
87	37
87	38
87	39
87	40
87	41
87	44
87	45
87	46
87	47
87	50
87	52
87	54
87	55
87	58
87	59
87	60
87	61
87	62
87	63
87	64
87	65
87	66
87	67
87	68
87	70
87	71
87	72
87	76
87	77
87	79
87	80
87	81
87	82
87	83
87	84
87	85
87	88
87	90
87	93
87	95
87	98
87	99
88	0
88	1
88	3
88	4
88	5
88	6
88	8
88	9
88	13
88	14
88	15
88	16
88	17
88	18
88	19
88	23
88	24
88	25
88	26
88	27
88	29
88	30
88	31
88	32
88	33
88	35
88	37
88	38
88	39
88	40
88	41
88	44
88	45
88	46
88	48
88	50
88	52
88	53
88	54
88	55
88	56
88	58
88	59
88	60
88	61
88	62
88	63
88	65
88	66
88	67
88	68
88	70
88	71
88	75
88	76
88	77
88	78
88	79
88	80
88	81
88	82
88	83
88	86
88	87
88	90
88	93
88	95
88	97
88	98
88	99
89	3
89	6
89	36
89	41
89	98
90	0
90	3
90	15
90	17
90	24
90	26
90	31
90	33
90	35
90	37
90	46
90	47
90	54
90	56
90	61
90	63
90	67
90	75
90	76
90	79
90	80
90	83
90	85
90	87
90	88
90	98
93	0
93	3
93	4
93	5
93	6
93	8
93	9
93	13
93	14
93	15
93	16
93	18
93	19
93	22
93	25
93	26
93	27
93	29
93	30
93	31
93	32
93	35
93	38
93	39
93	40
93	41
93	44
93	45
93	46
93	48
93	50
93	52
93	53
93	55
93	59
93	60
93	61
93	63
93	64
93	65
93	67
93	68
93	70
93	71
93	72
93	75
93	76
93	77
93	78
93	79
93	81
93	83
93	84
93	86
93	87
93	88
93	95
93	99
95	0
95	3
95	5
95	6
95	8
95	9
95	15
95	18
95	19
95	22
95	23
95	25
95	26
95	27
95	29
95	30
95	31
95	32
95	38
95	39
95	40
95	41
95	44
95	45
95	46
95	48
95	50
95	52
95	53
95	55
95	59
95	60
95	61
95	62
95	63
95	64
95	65
95	67
95	68
95	70
95	71
95	72
95	75
95	76
95	77
95	78
95	81
95	82
95	83
95	86
95	87
95	88
95	93
95	98
95	99
97	3
97	4
97	5
97	6
97	8
97	9
97	13
97	14
97	15
97	16
97	19
97	22
97	23
97	25
97	27
97	29
97	30
97	31
97	32
97	35
97	38
97	40
97	41
97	44
97	45
97	46
97	48
97	50
97	52
97	53
97	55
97	59
97	60
97	61
97	62
97	63
97	64
97	65
97	66
97	67
97	70
97	72
97	75
97	76
97	77
97	78
97	79
97	81
97	82
97	83
97	84
97	86
97	88
97	98
97	99
98	0
98	1
98	3
98	4
98	5
98	6
98	8
98	9
98	15
98	16
98	17
98	18
98	19
98	22
98	23
98	24
98	25
98	26
98	27
98	30
98	31
98	32
98	33
98	35
98	36
98	37
98	38
98	39
98	40
98	41
98	44
98	45
98	46
98	47
98	48
98	50
98	52
98	53
98	54
98	56
98	58
98	59
98	61
98	62
98	63
98	64
98	65
98	66
98	67
98	68
98	70
98	71
98	72
98	75
98	76
98	78
98	79
98	80
98	81
98	82
98	83
98	84
98	85
98	87
98	88
98	89
98	90
98	95
98	97
98	99
99	0
99	1
99	3
99	4
99	5
99	6
99	8
99	9
99	13
99	14
99	15
99	16
99	18
99	19
99	23
99	27
99	29
99	30
99	31
99	32
99	38
99	39
99	40
99	41
99	44
99	45
99	46
99	48
99	50
99	52
99	53
99	59
99	60
99	61
99	62
99	63
99	64
99	65
99	66
99	67
99	68
99	70
99	75
99	76
99	77
99	78
99	81
99	82
99	83
99	84
99	86
99	87
99	88
99	93
99	95
99	97
99	98
